-1.4571181298139092E8;-3.948093142216372E7;34517.37834473283
-1.4234243368488586E8;-5.089599519814225E7;35247.369877231475
-1.381001340939234E8;-6.200306695867361E7;35487.34955814857
-1.3300926462816446E8;-7.273447122483842E7;35046.094898367926
-1.2710332238214539E8;-8.302114952652313E7;34276.28385297893
-1.2042556857750021E8;-9.279969480456083E7;33609.9116664931
-1.1302373240891586E8;-1.0201479100459506E8;33139.90623905519
-1.0494671431552432E8;-1.1061772782884564E8;32605.372996704977
-9.624244148750935E7;-1.1856335099635972E8;31555.998209129353
-8.696047277270831E7;-1.2580548745864734E8;29873.26706441498
-7.715800794996856E7;-1.3229901058346014E8;27950.351682428543
-6.6899288635306425E7;-1.380063114937324E8;26193.938951671164
-5.625045510049679E7;-1.4289894937325594E8;24665.20810282638
-4.527634637993558E7;-1.469558805635364E8;23083.551732942546
-3.403845568233157E7;-1.501600825194931E8;21011.13988621108
-2.25981601939133E7;-1.5249373988640004E8;18402.00705553334
-1.102278610816636E7;-1.5394128785746887E8;15683.65293398496
616139.2248183704;-1.5449546216263342E8;13221.829955058487
1.2247779989962982E7;-1.5415807768518564E8;11035.736586107465
2.380492980652114E7;-1.5293802212906346E8;8825.544608190143
3.522579947251244E7;-1.5084768388072175E8;6177.705804920165
4.645031507792071E7;-1.4789808485433853E8;3118.0532295015364
5.741395006419444E7;-1.4410273368575606E8;103.79718803518402
6.805048163143995E7;-1.394834272751295E8;-2548.4035690605388
7.829665734451231E7;-1.340701846957807E8;-4870.934474359812
8.809479724325453E7;-1.2789902040109067E8;-7187.384134387368
9.739418349034356E7;-1.2100824352796523E8;-9880.491079444337
1.0614703603726698E8;-1.1343379786060354E8;-12856.030697746182
1.1430236377500463E8;-1.0521367579007968E8;-15631.405634378434
1.2180951967174265E8;-9.639357942129488E7;-17939.838599369723
1.2862271784003046E8;-8.702610167002237E7;-19869.2395731405
1.3470329451210505E8;-7.716826318050846E7;-21770.580573710587
1.4002058356460342E8;-6.687766739060795E7;-23992.22013714943
1.4454762292052788E8;-5.620830891630223E7;-26378.022015254486
1.482552703507647E8;-4.521529294228269E7;-28425.7005309588
1.5111628377127874E8;-3.396034174980044E7;-29913.804739715033
1.5310975176356444E8;-2.2510356498107057E7;-30984.14900712088
1.5422303641113678E8;-1.0934694953747662E7;-32016.94855515033
1.5445205104511356E8;698883.3519218054;-33325.93588538986
1.5379662185262132E8;1.2327731626373176E7;-34705.017680594974
1.5225515511662695E8;2.388944965894557E7;-35646.83662496999
1.498289484261026E8;3.5316675977921255E7;-35971.44238617457
1.4652652485045925E8;4.653897358509485E7;-35869.08547393127
1.42365274286301E8;5.748580159703344E7;-35746.46883552939
1.3737108529798168E8;6.809083751597603E7;-35880.649804435794
1.3157318389022492E8;7.82946791811262E7;-36024.052572563705
1.2499958271942878E8;8.803982300108512E7;-35684.25091156232
1.1768138414641817E8;9.726597505732934E7;-34721.3367090388
1.0965690586112444E8;1.0591218763825047E8;-33365.36841224148
1.0097301799436554E8;1.1391999610656725E8;-32041.0858509574
9.168414213250464E7;1.212379891739094E8;-30984.922044911746
8.184636938773482E7;1.2782362803609425E8;-29910.07508540139
7.15138098376576E7;1.3363787868153664E8;-28359.41938431353
6.074278626244921E7;1.3864122341134354E8;-26238.187821044798
4.959557619358859E7;1.4279585235168746E8;-23809.184175086997
3.814143301154874E7;1.460687934507272E8;-21502.9335382716
2.6455064724397726E7;1.484365744924951E8;-19509.80604167178
1.4609943517555678E7;1.498861569126161E8;-17500.215326626567
2675570.5552557097;1.5040891451611653E8;-15064.164808007254
-9278346.550954329;1.4999739055906248E8;-12160.580136499397
-2.117865660733894E7;1.4864739398315066E8;-9081.860113524894
-3.2948036956651904E7;1.463609258064285E8;-6251.983363919356
-4.450682146504794E7;1.4315064946372673E8;-3809.6278699925133
-5.578032915885402E7;1.390400348959269E8;-1376.1614308953128
-6.6700733633443706E7;1.3405641862190115E8;1412.1383235521819
-7.720262062529568E7;1.282284176454426E8;4537.998658224975
-8.722021729787384E7;1.2158789264802489E8;7680.543734288844
-9.668685722949709E7;1.1417257758939734E8;10431.430945021853
-1.0553689657327063E8;1.0603008671848886E8;12706.439053716234
-1.137132119353298E8;9.721745894293496E7;14936.855878609349
-1.2116830499511437E8;8.779330381273128E7;17451.211276872295
-1.2785924951513372E8;7.781573601032218E7;20177.435746002266
-1.3374520768432254E8;6.73443354778916E7;22769.347769167936
-1.3878694603496084E8;5.644257490783557E7;24840.47636034097
-1.4294876179630876E8;4.518129091749821E7;26360.344336465325
-1.4620558536588272E8;3.363780565478865E7;27806.30305968204
-1.485434509253466E8;2.1887558147341512E7;29486.012453630534
-1.4995365802010015E8;1.0002447573771024E7;31282.592582543453
-1.5043038318232447E8;-1946961.297978763;32831.51831655549
-1.4997017285586163E8;-1.3888986731956244E7;33773.59251584434
