-1.4765311705427915E8;-3.0756748982702438E7;33924.61190506942
-1.4706245733336183E8;-3.3678274671622425E7;34114.51001955862
-1.4641524617294762E8;-3.65866811957332E7;34313.58347613612
-1.457118096259453E8;-3.948093050511389E7;34517.378985364965
-1.4495247800268814E8;-4.2359998552968964E7;34720.05409114824
-1.441375829257868E8;-4.522287137695709E7;34914.57043812182
-1.4326745561712992E8;-4.8068539743815154E7;35093.06112001905
-1.423424271424193E8;-5.089599289607538E7;35247.3681405271
-1.4136283100257513E8;-5.370421225441789E7;35369.70455276073
-1.403290080407918E8;-5.649216599760661E7;35453.368854218286
-1.3924131331200904E8;-5.9258805315491654E7;35493.43218880192
-1.381001243856396E8;-6.2003062981790654E7;35487.32112896717
-1.3690585038143453E8;-6.47238548290389E7;35435.21492196247
-1.356589406966981E8;-6.742008460946903E7;35340.16614463387
-1.3435989191858467E8;-7.009065229803428E7;35207.862773982284
-1.3300925122557203E8;-7.273446497894508E7;35046.01032686505
-1.3160761515533379E8;-7.53504483821664E7;34863.42483960755
-1.3015562396895525E8;-7.793755664498627E7;34669.034810428166
-1.286539532713478E8;-8.049477847947274E7;34471.017306619506
-1.2710330517007498E8;-8.302113932781214E7;34276.217855259405
-1.2550440080445193E8;-8.551570041080602E7;34089.87898643736
-1.2385797504157706E8;-8.797755616768502E7;33915.60353193155
-1.2216477318501857E8;-9.040583143097524E7;33755.441707000406
-1.2042554901544403E8;-9.279967915225421E7;33610.004447687774
-1.1864106335535808E8;-9.515827894207618E7;33478.54134550277
-1.1681208245765819E8;-9.7480836259252E7;33358.95990828022
-1.149393757377409E8;-9.976658178151947E7;33247.797436982946
-1.1302371267213456E8;-1.020147702803586E8;33140.188397926424
-1.1106585909596878E8;-1.0422467823003356E8;33029.89818151506
-1.0906657363506225E8;-1.0639559950686833E8;32909.51011863947
-1.0702660546739957E8;-1.0852683900218943E8;32770.84007600726
-1.0494669474074721E8;-1.1061770477249447E8;32605.598133411095
-1.0282757651267429E8;-1.1266750019737718E8;32406.228236143957
-1.0066998807074802E8;-1.1467551801881701E8;32166.774308339005
-9.847467840676698E7;-1.1664103776967843E8;31883.594212939643
-9.624241804735877E7;-1.1856332714749932E8;31555.787068457
-9.397400758919151E7;-1.2044164691736874E8;31185.281783318314
-9.167028385037273E7;-1.2227525837884149E8;30776.60577740624
-8.93321230915987E7;-1.24063432310615E8;30336.389993730856
-8.696044110602467E7;-1.2580545833486558E8;29872.681832082097
-8.455619025700758E7;-1.2750065362685993E8;29394.15310311862
-8.212035393528743E7;-1.2914836990599738E8;28909.309067776827
-7.965393938069582E7;-1.3074799788839296E8;28425.809721628615
-7.715797012449141E7;-1.3229896893041755E8;27949.98788250786
-7.463347923245029E7;-1.3380075425951903E8;27486.59347761416
-7.208150407870929E7;-1.3525286266745508E8;27038.733801484825
-6.950308278651777E7;-1.3665483765312764E8;26607.940858095586
-6.689925198750583E7;-1.380062547899487E8;26194.288706043873
-6.427104529491669E7;-1.3930671972258836E8;25796.49922408939
-6.161949184133149E7;-1.4055586681590933E8;25412.001808001725
-5.894561433260065E7;-1.417533581445685E8;25036.943235738
-5.6250426286806054E7;-1.4289888222709274E8;24666.176546676586
-5.353492848946909E7;-1.4399215168829262E8;24293.292525712688
-5.080010524981399E7;-1.45032898980203E8;23910.78872690993
-4.8046921730299115E7;-1.460208696156815E8;23510.480006357935
-4.527632413207827E7;-1.4695581326770118E8;23084.210968112075
-4.248924429894433E7;-1.4783747443004623E8;22624.81738739792
-3.9686608973432265E7;-1.486655854015834E8;22127.136946328228
-3.686935194416497E7;-1.494398641738228E8;21588.785583351633
-3.4038425935495384E7;-1.5016001812474224E8;21010.47564896371
-3.1194811321041074E7;-1.5082575226588142E8;20395.82820008736
-2.83395202983248E7;-1.514367795567505E8;19750.802612534844
-2.5473596823612202E7;-1.519928309679554E8;19082.935851667087
-2.2598113469632886E7;-1.5249366392595673E8;18400.55370451564
-1.971416641119876E7;-1.52939068670284E8;17712.049811776393
-1.6822869432421245E7;-1.5332887252383637E8;17025.277012244132
-1.3925347581374757E7;-1.5366294221065027E8;16347.071838397376
-1.1022730985557085E7;-1.539411843957099E8;15682.924055212463
-8116149.294633622;-1.541635447178166E8;15036.793179245353
-5206727.112034589;-1.5433000573499715E8;14411.057312708881
-2295580.5700996267;-1.5444058431030235E8;13806.561287115865
616185.0557634677;-1.544953289544596E8;13222.719500405163
3527477.0243092827;-1.5449431749816817E8;12657.629022959482
6437216.558867882;-1.5443765523207512E8;12108.160286932856
9344340.509247428;-1.5432547337632573E8;11570.013064691593
1.224780361799962E7;-1.541579274544236E8;11037.75240718296
1.5146581505051645E7;-1.5393519487317762E8;10504.872124414243
1.8039674009705007E7;-1.5365747083126903E8;9963.969030717588
2.0926107814405125E7;-1.533249617936587E8;9407.135258290878
2.380493651369533E7;-1.529378764846982E8;8826.656174458472
2.667523607303286E7;-1.5249641581583795E8;8215.99969304947
2.953609473074958E7;-1.5200076483861297E8;7570.903898790913
3.2386598917838782E7;-1.5145109032551658E8;6890.215094435689
3.5225819249541745E7;-1.5084754580088797E8;6176.150671725165
3.805280097224575E7;-1.5019028255149856E8;5433.89781716684
4.08665609943937E7;-1.4947946277224365E8;4670.744287763128
4.36660906687963E7;-1.48715271111292E8;3895.0654824823505
4.645036188715208E7;-1.4789792272874445E8;3115.4247221421138
4.921833417312441E7;-1.470276678421315E8;2339.8959256067083
5.1968961416018166E7;-1.4610479364687142E8;1575.6040136668469
5.4701197770770214E7;-1.4512962456285676E8;828.4328220527428
5.741400271720108E7;-1.4410252145196772E8;102.85201737928132
6.0106345386384085E7;-1.4302388014650562E8;-598.1677296767688
6.2777208214310504E7;-1.4189412947014266E8;-1273.1680285425014
6.542558992962422E7;-1.4071372891010857E8;-1922.1572060736514
6.805050789887413E7;-1.3948316613293156E8;-2546.521959158716
7.065099993997876E7;-1.3820295454406196E8;-3148.916742597296
7.322612582670707E7;-1.3687363102434003E8;-3733.1511283963464
7.577496878583872E7;-1.354957538245575E8;-4304.087030558916
7.829663728151965E7;-1.3406990037996575E8;-4867.540352959776
8.079026723667602E7;-1.3259666455477397E8;-5430.155825585375
8.325502449755263E7;-1.3107665261271925E8;-5999.192456216158
8.569010675719875E7;-1.2951047718989134E8;-6582.130400028106
8.809474340018195E7;-1.2789874900060911E8;-7186.013540894153
9.046819123885193E7;-1.262420672138299E8;-7816.51533892952
9.280972470417185E7;-1.2454101121688087E8;-8476.879386851819
9.511862133711998E7;-1.2279613766807295E8;-9167.075271837704
9.739414652926391E7;-1.2100798563794163E8;-9883.555889531392
9.963554286010861E7;-1.1917708904081449E8;-10619.780961866798
1.0184202735177982E8;-1.1730399197006714E8;-11367.305507163246
1.040127960136897E8;-1.1538926187901972E8;-12117.011903753397
1.0614703235249722E8;-1.1343349782534951E8;-12860.126948187817
1.0824391643385433E8;-1.1143733383082147E8;-13588.882359244144
1.1030263254349554E8;-1.0940143893322632E8;-14296.858089402964
1.1232237497480953E8;-1.0732651560755156E8;-14979.118472431452
1.1430235228361459E8;-1.0521329766054384E8;-15632.241208590125
1.1624179055849339E8;-1.0306254808797821E8;-16254.300170584156
1.1813993614198174E8;-1.0087505698239319E8;-16844.82702175751
1.199960580351295E8;-9.865163940722808E7;-17404.754787292208
1.218094500528295E8;-9.63931331414586E7;-17936.338745553396
1.2357943272185457E8;-9.410039625994316E7;-18443.05169043722
1.2530535492669468E8;-9.17743045704306E7;-18929.455515538117
1.2698659537097763E8;-8.941574892085586E7;-19401.05302204463
1.2862256397083339E8;-8.702563229619054E7;-19864.118287595757
1.3021270325713846E8;-8.460486645766035E7;-20325.489071083583
1.3175648966578618E8;-8.215436770018151E7;-20792.282638441357
1.3325343419089854E8;-7.967505124167512E7;-21271.475273147706
1.3470308130472618E8;-7.716782402074E7;-21769.284125071194
1.3610500457205668E8;-7.463357651169032E7;-22290.338186702695
1.3745879760880283E8;-7.207317557973269E7;-22836.74807366059
1.387640606335659E8;-6.9487461695936E7;-23407.35278281222
1.400203856442488E8;-6.687725353665398E7;-23997.50899364347
1.4122734532745552E8;-6.424336015566071E7;-24599.642607215654
1.4238448984676698E8;-6.1586596999078244E7;-25204.427620921542
1.434913518305632E8;-5.890780023912739E7;-25802.15960366215
1.4454745626575652E8;-5.620783563696968E7;-26383.88609665583
1.4555233112826788E8;-5.34876014757334E7;-26942.089668290122
1.4650551606132376E8;-5.07480273835759E7;-27470.96223533109
1.4740656836762297E8;-4.79900712925088E7;-27966.42184602707
1.482550668023475E8;-4.5214716107658036E7;-28426.01793705248
1.4905061403103867E8;-4.242296680429971E7;-28848.817095380597
1.4979283850466356E8;-3.9615848055912666E7;-29235.3073961727
1.5048139622416598E8;-3.679440217922922E7;-29587.322605950383
1.5111597258570483E8;-3.395968708399776E7;-29907.96841563267
1.516962842829739E8;-3.1112773952648878E7;-30201.527380463227
1.5222208111902577E8;-2.825474448123047E7;-30473.32298754935
1.5269314754911312E8;-2.5386687627281882E7;-30729.531379714503
1.5310930381012535E8;-2.2509695877488293E7;-30976.936124287906
1.534704065315691E8;-1.962486103625212E7;-31222.622016884037
1.5377634868577647E8;-1.6733269464277122E7;-31473.596597804415
1.5402705855772322E8;-1.3835996650774054E7;-31736.317479997055
1.5422249710530114E8;-1.0934101136960315E7;-32016.10272360588
1.543626527960469E8;-8028618.294108202;-32316.430739008094
1.544475331141531E8;-5120555.338449061;-32638.21340049384
1.5447715289893442E8;-2210889.878701957;-32979.23964887996
1.5445152157093334E8;699425.6693739571;-33334.064043413375
1.543706331260898E8;3609453.2029266898;-33694.54177861429
1.542344627317205E8;6518254.068342713;-34050.95402082204
1.5404297110599494E8;9424874.922947848;-34393.37878000437
1.5379611435805532E8;1.2328338440302322E7;-34712.87449893582
1.534938552524056E8;1.522764015270504E7;-35002.21094503951
1.531361726768446E8;1.8121750040315196E7;-35256.13663220602
1.5272306805968928E8;2.10096164672091E7;-35471.33262615483
1.5225456905434585E8;2.3890170501457274E7;-35646.22784197391
1.5173073147304875E8;2.6762329590913516E7;-35780.79936393552
1.5115164045311576E8;2.9625000353252064E7;-35876.41609535404
1.5051741155823407E8;3.2477080705983676E7;-35935.73428825352
1.4982819218192476E8;3.531746177100969E7;-35962.623040281265
1.490841633123976E8;3.814503002895775E7;-35962.08243581675
1.4828554146100318E8;4.095867012211138E7;-35940.11335670293
1.4743258037299147E8;4.37572685367778E7;-35903.50488228148
1.465255720618499E8;4.653971817296317E7;-35859.520859442346
1.4556484675008783E8;4.9304923595097385E7;-35815.48680911148
1.445507714216972E8;5.205180661956981E7;-35778.29470860031
1.4348374680852425E8;5.477931184931275E7;-35753.85161889943
1.42364202671952E8;5.7486411741535276E7;-35746.50173492403
1.411925912307515E8;6.017211066361294E7;-35758.462043076295
1.3996937870035398E8;6.2835447081007846E7;-35789.34229377417
1.3869503540186346E8;6.547549266879294E7;-35835.86863101224
1.373700258583567E8;6.809134717416531E7;-35891.96431408209
1.359948013095493E8;7.068212878442599E7;-35949.30240182174
1.3456979722391483E8;7.324696154756817E7;-35998.30047143486
1.33095436984474E8;7.578496304633702E7;-36029.334185240834
1.3157214052415182E8;7.829523567306939E7;-36033.84107168455
1.3000033490580808E8;8.077686319205973E7;-36005.05617267062
1.2838046381499355E8;8.322891202332918E7;-35938.30924050823
1.2671299428711578E8;8.56504353049856E7;-35830.98126560426
1.2499842053652155E8;8.804047772180936E7;-35682.28397190307
1.2323726568560007E8;9.03980797963038E7;-35493.00258818975
1.2143008243033579E8;9.272228115411845E7;-35265.28302352808
1.1957745351033737E8;9.501212286429016E7;-35002.48868523984
1.1767999253951117E8;9.726664928583895E7;-34709.112342499306
1.1573834541751753E8;9.948491000291215E7;-34390.70286846888
1.1375319220220453E8;1.0166596245159556E8;-34053.75190760539
1.1172524898543766E8;1.0380887572377722E8;-33705.48248488397
1.0965526903530006E8;1.059127357433463E8;-33353.49525459861
1.0754404236267611E8;1.0797665156159212E8;-33005.26167167804
1.0539239304925378E8;1.099997620354201E8;-32667.500714029786
1.0320117412883516E8;1.1198124183874136E8;-32345.51935777537
1.009712603671547E8;1.1392030576584241E8;-32042.61734370337
9.870353969840586E7;1.1581621057744583E8;-31759.647933464807
9.639890424201109E7;1.176682540116649E8;-31494.801323886866
9.405824184979033E7;1.1947577086038141E8;-31243.65476985453
9.168242920344606E7;1.2123812623448977E8;-30999.517152382294
8.927232760576397E7;1.2295470651740308E8;-30754.06877569602
8.682878252150206E7;1.2462490915070397E8;-30498.240025357896
8.435262729926609E7;1.2624813306491834E8;-30223.193225073544
8.184469037279744E7;1.2782377172462168E8;-29921.216460194286
7.930580415744029E7;1.2935121005364175E8;-29586.35625481756
7.67368135088997E7;1.3082982522313872E8;-29214.71007229944
7.413858217926984E7;1.3225899015546122E8;-28804.41538438717
7.151199674507843E7;1.3363807816875921E8;-28355.446961652353
6.885796838364196E7;1.3496646745578256E8;-27869.3455805806
6.617743332605959E7;1.362435446886954E8;-27348.968398216424
6.347135285631843E7;1.3746870762273785E8;-26798.304286104692
6.074071353649009E7;1.3864136698816353E8;-26222.355573753266
5.798652805416489E7;1.3976094821802267E8;-25627.05558760637
5.520983674913488E7;1.4082689370166922E8;-25019.167129872407
5.241170946477167E7;1.418386662687058E8;-24406.090923226784
4.959324690006096E7;1.4279575440590614E8;-23795.512987077796
4.6755580250404775E7;1.4369767917845196E8;-23194.8501077091
4.3899867905836485E7;1.4454400198819628E8;-22610.52147137053
4.102728859399746E7;1.453343314715959E8;-22047.165535581204
3.813903153810112E7;1.4606832756521934E8;-21506.986345889836
3.5236285372064784E7;1.467457013996185E8;-20989.402840345152
3.2320228005262125E7;1.4736621095482907E8;-20491.085094832095
2.9392019146973606E7;1.4792965357076228E8;-20006.34764673577
2.6452796244004715E7;1.4843585688354102E8;-19527.7958039637
2.3503673785365805E7;1.4888466959313527E8;-19047.105672904003
2.0545745545055468E7;1.4927595308651567E8;-18555.836425144757
1.7580089203638013E7;1.4960957467489925E8;-18046.190903819843
1.4607772647068609E7;1.498854030560901E8;-17511.648327525792
1.1629861017178763E7;1.5010330639062944E8;-16947.403926503095
8647423.441004883;1.5026315296409214E8;-16350.580126766816
5661538.490748351;1.50364813899904E8;-15720.220641293654
2673297.8460595813;1.504081670250239E8;-15057.123601617604
-316191.83012740605;1.503931009413835E8;-14363.592753127108
-3305808.3566745096;1.5031951859929776E8;-13643.180630531635
-6294414.18670595;1.5018734005534393E8;-12900.472710584492
-9280856.601683965;1.4999650448060971E8;-12140.929394819794
-1.2263967456267007E7;1.49746971796277E8;-11370.771515730788
-1.5242562240994846E7;1.494387245462193E8;-10596.86706492976
-1.8215438602246016E7;1.4907177076148772E8;-9826.552518868732
-2.1181374977568824E7;1.486461485476432E8;-9067.307390745296
-2.413913061280654E7;1.4816193274681365E8;-8326.21248426885
-2.7087448633573357E7;1.4761924311513937E8;-7609.184960124124
-3.0025063506308757E7;1.47018252137729E8;-6920.103512858072
-3.2950712748750225E7;1.463591896127504E8;-6260.066398893195
-3.5863150605572365E7;1.4564234152918926E8;-5627.061129288149
-3.876116004045726E7;1.448680428211092E8;-5016.197510053424
-4.164356000425978E7;1.4403666607615814E8;-4420.429010616747
-4.450920708403479E7;1.431486094632442E8;-3831.519842307069
-4.735699268184396E7;1.422042865068972E8;-3241.002112673051
-5.018583767417797E7;1.4120411882736382E8;-2640.9665872990145
-5.299468618314192E7;1.4014853175512955E8;-2024.6412130223537
-5.578249939576828E7;1.3903795224841744E8;-1386.773796132256
-5.854824985602727E7;1.3787280857539052E8;-723.8492509064072
-6.129091645562614E7;1.3665353139012948E8;-34.16474975870764
-6.400948033096146E7;1.3538055590424588E8;682.218854137
-6.67029218542431E7;1.3405432480496374E8;1423.6257987697159
-6.93702187911703E7;1.3267529148922291E8;2186.9803392190443
-7.20103455019246E7;1.3124392317787649E8;2968.047289899467
-7.462227286809012E7;1.29760703589931E8;3761.661457852338
-7.720496851322578E7;1.2822613507026702E8;4561.9237225744055
-7.975739688648501E7;1.2664074032026447E8;5362.363151613244
-8.227851890352173E7;1.2500506413287109E8;6156.089536117878
-8.476729109916817E7;1.233196757462655E8;6935.986309089721
-8.722266467498723E7;1.2158517253908773E8;7695.015325266882
-8.964358543241224E7;1.1980218564010426E8;8426.709564370536
-9.202899621560857E7;1.1797138736557327E8;9125.891857352188
-9.437784365188313E7;1.1609349907446045E8;9789.550281542091
-9.668908992497809E7;1.1416929646133797E8;10417.638108480278
-9.896172782243294E7;1.1219960878302732E8;11013.451404406902
-1.0119479469162951E8;1.1018531035328196E8;11583.319561410526
-1.0338738058870025E8;1.0812730627803756E8;12135.642487221616
-1.0553862861073132E8;1.0602651710914618E8;12679.614098261687
-1.0764772902873881E8;1.0388386675842635E8;13224.046125694895
-1.0971391066367376E8;1.0170027545862404E8;13776.541663472542
-1.1173643243614818E8;9.947665713236226E7;14343.04807702992
-1.1371457649675456E8;9.721391953277051E7;14927.691284911565
-1.1564764309993842E8;9.491296570806831E7;15532.774087258642
-1.1753494682894705E8;9.257469595506248E7;16158.857214210413
-1.1937581373705864E8;9.020000994729152E7;16804.884476175415
-1.2116957914381948E8;8.778980898998594E7;17468.34061975469
-1.229155860010665E8;8.534499840337382E7;18145.43940237595
-1.2461318382174267E8;8.286648997443506E7;18831.336236833027
-1.2626172813314609E8;8.035520435262202E7;19520.353368367825
-1.2786058032235095E8;7.78120732704143E7;20206.203498277137
-1.2940910765625815E8;7.523804156892447E7;20882.204092588283
-1.3090668324903573E8;7.26340691829614E7;21541.489431368605
-1.3235268586524563E8;7.000113344112454E7;22177.247970565648
-1.3374649972478047E8;6.734023219335999E7;22783.03352965029
-1.3508751493434003E8;6.4652388271992125E7;23353.210211538844
-1.3637512974383584E8;6.193865542483683E7;23883.57384122895
-1.3760875621846655E8;5.920012491336949E7;24372.120318330635
-1.387878304950156E8;5.6437930504204206E7;24819.79238406086
-1.3991182691883072E8;5.3653248429792255E7;25230.88704987433
-1.4098027245583165E8;5.084728961276768E7;25612.793356333852
-1.4199275603508747E8;4.802128476967149E7;25974.975190452387
-1.4294892917206585E8;4.517646696252975E7;26327.503345426074
-1.4384849856149045E8;4.2314057334403425E7;26679.655969387262
-1.4469121473637363E8;3.943525726143113E7;27038.976653095968
-1.454768610984705E8;3.654124656214477E7;27410.871240752887
-1.462052456363973E8;3.363318541224293E7;27798.598704483735
-1.4687619559751457E8;3.0712217612356987E7;28203.45796912566
-1.4748955432550052E8;2.777947378881184E7;28625.02649473026
-1.480451793086928E8;2.4836074025488418E7;29061.38218122525
-1.485429407425972E8;2.188312998127205E7;29509.29540658991
-1.489827202558885E8;1.8921746763927102E7;29964.40582477523
-1.4936440972607568E8;1.5953024828861041E7;30421.40544945489
-1.4968791026860794E8;1.2978062061998166E7;30874.243980596668
-1.4995313152024075E8;9997956.078128424;31316.36202413509
-1.501599912871478E8;7013806.687664285;31740.94965885636
-1.503084155527907E8;4026718.4949474162;32141.226779072804
-1.503983388163825E8;1037803.6862285753;32510.749428370425
-1.5042970482936424E8;-1951814.8088421563;32843.75991146001
-1.5040246804977223E8;-4940999.54576071;33135.60950448078
-1.503165965073054E8;-7928594.1169719035;33383.27691243867
-1.5017207709118074E8;-1.0913418514328009E7;33585.96440588797
-1.4996892415018314E8;-1.3894265764537549E7;33745.66374085145
-1.497071912171429E8;-1.68699023061842E7;33867.46724032413
-1.4938698355165046E8;-1.983907459327265E7;33959.3444660971
-1.4900846718421617E8;-2.2800522393173125E7;34031.23366595128
-1.4857187036239213E8;-2.5752995722434085E7;34093.61642196778
-1.4807747655006716E8;-2.869526999663024E7;34156.03689173012
-1.4752561215036932E8;-3.1626155037561852E7;34226.03377138247
-1.4691663372251207E8;-3.4544497106730744E7;34308.67984337104
-1.4625091805853662E8;-3.744917610361827E7;34406.62415234052
-1.455288560297522E8;-4.0339100837975755E7;34520.40107993845
-1.4475084943313947E8;-4.321320444829868E7;34648.80252017971
-1.4391730955891326E8;-4.607044084664455E7;34789.2025020693
-1.430286564048789E8;-4.890978222098356E7;34937.80427832607
-1.4208531788948944E8;-5.173021721699708E7;35089.82707094651
-1.4108772881527728E8;-5.453074931531639E7;35239.669153356896
-1.4003632963505903E8;-5.7310394983722545E7;35381.08585207001
-1.3893156526494524E8;-6.006818133623108E7;35507.412263998696
-1.3777388426918665E8;-6.280314321990198E7;35611.84566373208
-1.365637387186279E8;-6.551431982243516E7;35687.78661930144
-1.3530158493255055E8;-6.820075099738951E7;35729.22626372584
-1.339878852236662E8;-7.086147351803067E7;35731.163631664174
-1.3262311075481534E8;-7.349551743735242E7;35690.03968052764
-1.3120774571153705E8;-7.610190275823143E7;35604.17468572951
-1.2974229311527257E8;-7.867963683319353E7;35474.17965450079
-1.2822728252929601E8;-8.122771336820234E7;35303.27034409194
-1.2666327934940058E8;-8.374511442171587E7;35097.35292374169
-1.2505089420615603E8;-8.623081685305862E7;34864.716151976405
-1.2339078970753445E8;-8.86838036349959E7;34615.22531533701
-1.2168368148543401E8;-9.110307826668555E7;34359.10011107788
-1.1993033222449674E8;-9.348767846281835E7;34105.58380920454
-1.1813154035823667E8;-9.583668517733069E7;33861.895449532734
-1.1628812724012922E8;-9.814922523430906E7;33632.71242252758
-1.1440092636886713E8;-1.0042446867536087E8;33420.17318757542
