6.908189417038479E8;2.6369613222305667E8;-1.6549498327342795E7
6.888787532492152E8;2.688176602115837E8;-1.6527310448408833E7
6.869024173156579E8;2.7392507793230945E8;-1.650425535638825E7
6.84890042775843E8;2.7901811945237267E8;-1.6480334385134915E7
6.828417406146499E8;2.840965197719989E8;-1.6455548919635503E7
6.807576239197187E8;2.8916001484345704E8;-1.6429900395875324E7
6.786378078719857E8;2.942083415899708E8;-1.6403390300701426E7
6.76482409735825E8;2.9924123792446035E8;-1.6376020171680253E7
6.742915488491297E8;3.042584427681448E8;-1.6347791596951382E7
6.720653466131479E8;3.092596960691105E8;-1.6318706215073561E7
6.698039264820896E8;3.1424473882059896E8;-1.6288765714871628E7
6.675074139526534E8;3.192133130793416E8;-1.6257971835273452E7
6.651759365531718E8;3.2416516198363125E8;-1.6226326365143452E7
6.628096238327771E8;3.2910002977132857E8;-1.6193831143110175E7
6.604086073502151E8;3.3401766179777175E8;-1.6160488057391232E7
6.579730206626632E8;3.3891780455346125E8;-1.6126299045610225E7
6.555029993142202E8;3.43800205681717E8;-1.6091266094615754E7
6.529986808243358E8;3.486646139960483E8;-1.6055391240294667E7
6.50460204675973E8;3.535107794974776E8;-1.6018676567388E7
6.478877123035482E8;3.5833845339153457E8;-1.598112420929482E7
6.452813470806675E8;3.631473881052445E8;-1.5942736347873997E7
6.426412543076116E8;3.6793733730395985E8;-1.590351521322987E7
6.399675811987654E8;3.7270805590801746E8;-1.5863463083497677E7
6.372604768698342E8;3.774593001094103E8;-1.5822582284623789E7
6.34520092325066E8;3.8219082738807523E8;-1.5780875190144097E7
6.317465804440385E8;3.869023965282447E8;-1.5738344220957516E7
6.289400959685652E8;3.915937676344702E8;-1.5694991845095899E7
6.261007954892647E8;3.9626470214767206E8;-1.5650820577491036E7
6.232288374320335E8;4.009149628607819E8;-1.560583297973345E7
6.203243820443983E8;4.055443139345093E8;-1.556003165983129E7
6.173875913817049E8;4.101525209127468E8;-1.5513419271962054E7
6.144186292929821E8;4.1473935073795736E8;-1.5465998516220687E7
6.114176614071409E8;4.193045717663551E8;-1.5417772138363875E7
6.083848551185312E8;4.238479537829293E8;-1.5368742929549875E7
6.053203795728083E8;4.2836926801633036E8;-1.5318913726078436E7
6.022244056524079E8;4.3286828715360945E8;-1.5268287409127E7
5.990971059621505E8;4.3734478535471594E8;-1.521686690449205E7
5.959386548145233E8;4.417985382667064E8;-1.5164655182327595E7
5.927492282149409E8;4.462293230378114E8;-1.5111655256878763E7
5.895290038465723E8;4.5063691833124655E8;-1.5057870186205398E7
5.862781610552906E8;4.55021104338892E8;-1.5003303071900975E7
5.82996880834448E8;4.593816627947674E8;-1.4947957058811381E7
5.796853458094573E8;4.637183769882625E8;-1.4891835334748257E7
5.763437402222964E8;4.680310317772139E8;-1.4834941130201692E7
5.729722499158218E8;4.723194136007733E8;-1.477727771804667E7
5.695710623179783E8;4.765833104920219E8;-1.4718848413246663E7
5.661403664258814E8;4.8082251209046346E8;-1.4659656572552187E7
5.626803527897365E8;4.850368096543021E8;-1.4599705594192402E7
5.591912134966171E8;4.892259960725656E8;-1.4538998917563768E7
5.556731421542866E8;4.933898658769584E8;-1.4477540022913635E7
5.521263338747069E8;4.975282152536646E8;-1.4415332431019368E7
5.48550985257637E8;5.016408420548453E8;-1.4352379702863328E7
5.449472943740413E8;5.057275458100713E8;-1.4288685439305283E7
5.41315460749447E8;5.097881277374893E8;-1.4224253280752135E7
5.376556853473306E8;5.138223907548388E8;-1.4159086906830775E7
5.33968170552286E8;5.178301394902161E8;-1.4093190036060473E7
5.30253120153157E8;5.2181118029256386E8;-1.402656642552245E7
5.2651073932594687E8;5.2576532124198365E8;-1.395921987052266E7
5.2274123461672074E8;5.2969237215987235E8;-1.3891154204245584E7
5.1894481392436135E8;5.335921446189025E8;-1.3822373297404846E7
5.15121686483359E8;5.374644519528277E8;-1.3752881057895605E7
5.1127206284648144E8;5.413091092660888E8;-1.3682681430443013E7
5.073961548674253E8;5.451259334432379E8;-1.3611778396253813E7
5.034941756834644E8;5.489147431582007E8;-1.3540175972662719E7
4.995663396979133E8;5.526753588832324E8;-1.3467878212778615E7
4.956128625626402E8;5.564076028977636E8;-1.339488920512896E7
4.9163396116050446E8;5.601112992970259E8;-1.3321213073302306E7
4.8762985358771694E8;5.637862740004373E8;-1.324685397558828E7
4.83600759136142E8;5.674323547598836E8;-1.317181610461436E7
4.795468982756123E8;5.710493711676764E8;-1.309610368698251E7
4.754684926361506E8;5.746371546644682E8;-1.3019720982903244E7
4.713657649901765E8;5.781955385468167E8;-1.2942672285826106E7
4.672389392347254E8;5.817243579747144E8;-1.2864961922073828E7
4.6308824037362367E8;5.852234499788483E8;-1.278659425047842E7
4.5891389449964774E8;5.886926534675145E8;-1.2707573662018549E7
4.547161287766002E8;5.92131809233485E8;-1.262790457944905E7
4.504951714212765E8;5.95540759960413E8;-1.2547591456928734E7
4.4625125168540585E8;5.989193502292778E8;-1.246663877963667E7
4.419845998375673E8;6.022674265245118E8;-1.2385051063389951E7
4.3769544714514065E8;6.055848372401133E8;-1.230283285426031E7
4.3338402585622823E8;6.0887143268543E8;-1.2219988728193223E7
4.290505691815807E8;6.121270650908397E8;-1.2136523290624246E7
4.246953112764822E8;6.153515886131736E8;-1.2052441176094187E7
4.2031848722267663E8;6.185448593410474E8;-1.1967747047863403E7
4.159203330102541E8;6.217067352999097E8;-1.1882445597527904E7
4.115010855195787E8;6.248370764569442E8;-1.179654154463111E7
4.070609825031856E8;6.279357447258222E8;-1.171003963627735E7
4.0260026256772006E8;6.310026039711766E8;-1.1622944646745136E7
3.9811916515590054E8;6.340375200129743E8;-1.153526137709932E7
3.9361793052846575E8;6.370403606306218E8;-1.1446994654805236E7
3.8909679974620694E8;6.400109955669706E8;-1.1358149333343046E7
3.845560146519722E8;6.429492965319818E8;-1.1268730291827796E7
3.7999581785280246E8;6.45855137206257E8;-1.1178742434632381E7
3.75416452701965E8;6.487283932442042E8;-1.1088190691011466E7
3.7081816328093433E8;6.515689422769386E8;-1.0997080014719773E7
3.662011943813603E8;6.543766639149574E8;-1.0905415383618541E7
3.615657914869398E8;6.57151439750668E8;-1.0813201799284536E7
3.5691220075541866E8;6.598931533607537E8;-1.07204442866123E7
3.5224066900047314E8;6.626016903083985E8;-1.0627147893420387E7
3.47551443673738E8;6.652769381452886E8;-1.0533317690053932E7
3.4284477284680223E8;6.679187864134047E8;-1.043895876898968E7
3.381209051932312E8;6.705271266468515E8;-1.0344076244438674E7
3.333800899706384E8;6.731018523733066E8;-1.0248675251950974E7
3.286225770028149E8;6.756428591153342E8;-1.015276094801741E7
3.238486166618904E8;6.781500443916969E8;-1.0056338509674141E7
3.190584598505291E8;6.806233077182277E8;-9959413.134105818
3.142523579841728E8;6.830625506087452E8;-9861990.03825059
3.094305629733759E8;6.854676765757502E8;-9764074.45840244
3.0459332720612067E8;6.878385911309421E8;-9665671.649816927
2.997409035302754E8;6.90175201785606E8;-9566786.886320066
2.948735452360973E8;6.924774180508499E8;-9467425.459918357
2.899915060388156E8;6.947451514376072E8;-9367592.680417698
2.8509504006126916E8;6.969783154563875E8;-9267293.87503903
2.8018440181654185E8;6.99176825616927E8;-9166534.388029499
2.752598461905925E8;7.013405994274262E8;-9065319.580267373
2.703216284249885E8;7.0346955639391E8;-8963654.828869145
2.6537000409969026E8;7.055636180193504E8;-8861545.526799228
2.6040522911590308E8;7.07622707802602E8;-8758997.082480911
2.5542755967900464E8;7.096467512372596E8;-8656014.919408096
2.5043725228153586E8;7.116356758102794E8;-8552604.475761143
2.4543456368626738E8;7.13589411000476E8;-8448771.204019947
2.40419750909337E8;7.155078882768724E8;-8344520.570580967
2.3539307120343515E8;7.173910410968336E8;-8239858.0553732
2.303547820410667E8;7.192388049041578E8;-8134789.151476225
2.25305141097897E8;7.210511171268692E8;-8029319.364737425
2.202444062361474E8;7.228279171750132E8;-7923454.213390558
2.1517283548806784E8;7.245691464382061E8;-7817199.227675132
2.10090687039502E8;7.262747482831792E8;-7710559.9494570345
2.0499821921352705E8;7.279446680510796E8;-7603541.931852511
1.998956904542426E8;7.295788530546836E8;-7496150.738859939
1.947833593106293E8;7.311772525757551E8;-7388391.944993417
1.8966148442050654E8;7.327398178613889E8;-7280271.134911843
1.8453032449450383E8;7.342665021210217E8;-7171793.903046399
1.7939013830010536E8;7.357572605229055E8;-7062965.853223883
1.742411846458078E8;7.372120501905853E8;-6953792.598291417
1.6908372236535412E8;7.386308301992229E8;-6844279.759746306
1.6391801030209193E8;7.400135615718874E8;-6734432.967367261
1.5874430729343775E8;7.413602072756655E8;-6624257.858848302
1.535628721554433E8;7.426707322176E8;-6513760.079435539
1.4837396366748124E8;7.439451032405701E8;-6402945.281566398
1.4317784055701783E8;7.451832891189584E8;-6291819.12451166
1.3797476148452252E8;7.463852605542134E8;-6180387.274019126
1.327649850284426E8;7.47550990170233E8;-6068655.4019620055
1.2754876967032121E8;7.486804525085772E8;-5956629.185985374
1.2232637377994211E8;7.497736240235261E8;-5844314.309157354
1.1709805560061306E8;7.508304830770149E8;-5731716.459619053
1.1186407323448926E8;7.518510099334137E8;-5618841.330237551
1.0662468462800062E8;7.52835186754163E8;-5505694.618262783
1.013801475574023E8;7.537829975925907E8;-5392282.024988122
9.613071961439739E7;7.54694428387879E8;-5278609.255413141
9.087665819184306E7;7.555694669595193E8;-5164682.017899287
8.561822046947889E7;7.564081030013503E8;-5050506.023822994
8.035566339975178E7;7.572103280755844E8;-4936086.987227768
7.508924369372547E7;7.579761356067519E8;-4821430.624480538
6.981921780710976E7;7.587055208756427E8;-4706542.6539297
6.454584192641398E7;7.593984810131519E8;-4591428.795569033
5.92693719552012E7;7.60055014994003E8;-4476094.7707009865
5.399006350048221E7;7.606751236304455E8;-4360546.301606139
4.870817185920255E7;7.612588095658166E8;-4244789.111213141
4.34239520048642E7;7.618060772680659E8;-4128828.922770514
3.813765857425232E7;7.623169330231454E8;-4012671.459522878
3.2849545854276687E7;7.62791384928329E8;-3896322.444387201
2.75598677689265E7;7.632294428854253E8;-3779787.599631973
2.2268877866333406E7;7.636311185939602E8;-3663072.6465578973
1.6976829305937517E7;7.639964255442429E8;-3546183.305180976
1.1683974845775783E7;7.643253790103675E8;-3429125.2939205277
6390566.829899628;7.646179960432558E8;-3311904.329292787
1096857.1759519405;7.648742954634845E8;-3194526.125610666
-4196902.637129589;7.650942978540214E8;-3076996.3946826644
-9490461.581320923;7.652780255527922E8;-2959320.8455081284
-1.4783569091638949E7;7.654255026451925E8;-2841505.1839716462
-2.0075975078172453E7;7.655367549564761E8;-2723555.112539119
-2.5367429938001018E7;7.656118100442173E8;-2605476.3299571653
-3.0657684566996016E7;7.656506971906044E8;-2487274.5309565905
-3.5946490371505305E7;7.65653447394726E8;-2368955.4059577053
-4.123359927992373E7;7.656200933647423E8;-2250524.6407787874
-4.651876375414437E7;7.655506695100164E8;-2131987.916346871
-5.1801736800902724E7;7.654452119332323E8;-2013350.9084102032
-5.708227198300475E7;7.653037584223142E8;-1894619.2872531854
-6.236012343045005E7;7.651263484423889E8;-1775798.7174128615
-6.763504585143882E7;7.649130231276815E8;-1656894.85739749
-7.290679454328799E7;7.646638252732867E8;-1537913.3594063967
-7.817512540322728E7;7.643787993269638E8;-1418859.8690520374
-8.343979493911456E7;7.640579913808849E8;-1299740.0250848173
-8.870056028003848E7;7.637014491633222E8;-1180559.4591230373
-9.395717918677774E7;7.633092220304375E8;-1061323.795389548
-9.920941006210421E7;7.628813609578906E8;-942038.6504515359
-1.0445701196098037E8;7.624179185323253E8;-822709.6329591649
-1.0969974460065375E8;7.619189489429021E8;-703342.3433820738
-1.1493736837067609E8;7.613845079726473E8;-583942.3737470495
-1.2016964434278677E8;7.60814652989932E8;-464515.3073797915
-1.2539633428070539E8;7.602094429397912E8;-345066.718651164
-1.3061720064976333E8;7.595689383353769E8;-225602.17272802352
-1.358320066264134E8;7.588932012492142E8;-106127.22532798507
-1.41040516107593E8;7.58182295304552E8;13352.577522515465
-1.46242493719979E8;7.574362856663972E8;132831.69972754156
-1.5143770482908624E8;7.566552390328623E8;252304.61535895048
-1.5662591554827854E8;7.558392236260458E8;371765.80889239087
-1.6180689274765447E8;7.549883091831051E8;491209.7754424454
-1.6698040406284165E8;7.541025669471201E8;610631.0209972969
-1.721462179037072E8;7.5318206965801E8;730024.0626528348
-1.7730410346297547E8;7.522268915433421E8;849383.4288457278
-1.8245383072479975E8;7.512371083091406E8;968703.6595837069
-1.875951704731923E8;7.502127971308897E8;1087979.306670722
-1.9272789430034706E8;7.491540366441817E8;1207204.933926851
-1.9785177461483154E8;7.48060906935644E8;1326375.1174071166
-2.0296658464963856E8;7.469334895336317E8;1445484.445622478
-2.0807209847019383E8;7.457718673988911E8;1564527.5197617023
-2.1316809098225552E8;7.445761249152571E8;1683498.9539113839
-2.1825433793974605E8;7.433463478803097E8;1802393.375272465
-2.2333061595244846E8;7.420826234961572E8;1921205.4243732754
-2.283967024936116E8;7.407850403600266E8;2039929.7552787648
-2.334523759074727E8;7.39453688455037E8;2158561.0357973785
-2.3849741541661483E8;7.380886591408676E8;2277093.947684806
-2.435316011292815E8;7.366900451444309E8;2395523.186845456
-2.4855471404654467E8;7.352579405505593E8;2513843.4635318173
-2.535665360693829E8;7.337924407926738E8;2632049.50254152
-2.5856685000563818E8;7.322936426434526E8;2750136.043412374
-2.6355543957693616E8;7.307616442054465E8;2868097.840615667
-2.685320894253974E8;7.291965449017845E8;2985929.6637478396
-2.734965851203556E8;7.275984454668077E8;3103626.297718877
-2.784487131649665E8;7.259674479367461E8;3221182.542937188
-2.833882610026266E8;7.243036556404808E8;3338593.215488276
-2.8831501702335083E8;7.226071731902667E8;3455853.1473105573
-2.932287705699265E8;7.208781064723326E8;3572957.186370884
-2.9812931194399625E8;7.191165626374937E8;3689900.1968426993
-3.03016432412027E8;7.173226500917448E8;3806677.05928408
-3.078899242112233E8;7.154964784867977E8;3923282.670813712
-3.1274958055533457E8;7.136381587104886E8;4039711.945283646
-3.175951956403692E8;7.117478028776112E8;4155959.8134489954
-3.2242656465022653E8;7.09825524320263E8;4272021.223135342
-3.2724348376221323E8;7.078714375784562E8;4387891.139402838
-3.3204575015250933E8;7.058856583906735E8;4503564.5447095595
-3.368331620014996E8;7.038683036843638E8;4619036.439070472
-3.416055184991057E8;7.01819491566527E8;4734301.840217168
-3.4636261984990317E8;6.997393413142407E8;4849355.783753203
-3.511042672783215E8;6.976279733652202E8;4964193.323309745
-3.558302630336362E8;6.954855093083671E8;5078809.530697302
-3.605404103950095E8;6.933120718744605E8;5193199.496057168
-3.652345136763936E8;6.911077849266781E8;5307358.32800802
-3.699123782313829E8;6.888727734513872E8;5421281.153788021
-3.745738104579962E8;6.866071635488932E8;5534963.119391872
-3.7921861780330014E8;6.843110824242225E8;5648399.389704174
-3.8384660876786435E8;6.819846583779347E8;5761585.148634646
-3.8845759291020834E8;6.796280207967992E8;5874515.599252514
-3.930513808510502E8;6.772413001445692E8;5987185.963921061
-3.976277842775722E8;6.748246279527222E8;6099591.484428493
-4.021866159474846E8;6.723781368112129E8;6211727.422116541
-4.06727689693073E8;6.699019603593398E8;6323589.058007731
-4.112508204251234E8;6.673962332763438E8;6435171.69292989
-4.157558241367757E8;6.648610912722608E8;6546470.647640874
-4.202425179072432E8;6.62296671078671E8;6657481.262952398
-4.2471071990553796E8;6.597031104393977E8;6768198.8998522675
-4.291602493940975E8;6.570805481013095E8;6878618.939626893
-4.335909267323235E8;6.544291238051059E8;6988736.783981376
-4.3800257338009244E8;6.517489782760943E8;7098547.8551601125
-4.4239501190119237E8;6.490402532149509E8;7208047.596063704
-4.467680659667089E8;6.46303091288679E8;7317231.470365816
-4.5112156035839254E8;6.435376361214772E8;7426094.962624969
-4.554553209718962E8;6.407440322857393E8;7534633.578392815
-4.59769174820021E8;6.37922425293059E8;7642842.844318056
-4.6406295003576714E8;6.350729615853289E8;7750718.308250703
-4.68336475875294E8;6.321957885257472E8;7858255.539347094
-4.725895827208508E8;6.292910543898532E8;7965450.1281756945
-4.768221020835814E8;6.263589083565117E8;8072297.686821059
-4.8103386660637915E8;6.233995004991258E8;8178793.848985145
-4.8522471006657505E8;6.204129817767036E8;8284934.2700866265
-4.893944673786184E8;6.173995040249475E8;8390714.627357496
-4.9354297459668493E8;6.143592199475822E8;8496130.619939117
-4.9767006891721296E8;6.112922831074568E8;8601177.96897326
-5.017755886813225E8;6.081988479178599E8;8705852.417694602
-5.0585937337728184E8;6.050790696337719E8;8810149.731520735
-5.099212636427823E8;6.019331043431957E8;8914065.698140377
-5.13961101267232E8;5.987611089584476E8;9017596.127599757
-5.17978729193923E8;5.955632412075398E8;9120736.852390004
-5.219739915222383E8;5.923396596255386E8;9223483.727530481
-5.259467335096932E8;5.890905235460109E8;9325832.630650776
-5.2989680157410157E8;5.858159930924397E8;9427779.462071115
-5.3382404329547006E8;5.82516229169831E8;9529320.144876137
-5.377283074179997E8;5.791913934562427E8;9630450.62499062
-5.416094438519074E8;5.758416483942757E8;9731166.871253323
-5.454673036751602E8;5.72467157182818E8;9831464.875494488
-5.493017391351415E8;5.69068083768476E8;9931340.652611176
-5.53112603650346E8;5.656445928372103E8;1.0030790240643227E7
-5.56899751812024E8;5.621968498059527E8;1.0129809700844834E7
-5.60663039385633E8;5.587250208142899E8;1.0228395117757294E7
-5.644023233125616E8;5.552292727162082E8;1.0326542599277187E7
-5.681174617115058E8;5.51709773071639E8;1.042424827672456E7
-5.718083138799492E8;5.481666901385709E8;1.052150830490844E7
-5.754747402955573E8;5.446001928646364E8;1.0618318862192148E7
-5.791166026176473E8;5.410104508790582E8;1.0714676150556883E7
-5.827337636883389E8;5.373976344845493E8;1.081057639566194E7
-5.863260875339755E8;5.3376191464928126E8;1.0906015846906709E7
-5.898934393663296E8;5.301034629988557E8;1.1000990777487682E7
-5.934356855837142E8;5.264224518083608E8;1.1095497484455466E7
-5.969526937722912E8;5.2271905399446934E8;1.1189532288768826E7
-6.00444332707092E8;5.1899344310759157E8;1.1283091535344463E7
-6.039104723531197E8;5.152457933241252E8;1.1376171593105722E7
-6.073509838662437E8;5.114762794386706E8;1.1468768855030108E7
-6.107657395940447E8;5.076850768563034E8;1.1560879738199491E7
-6.14154613076605E8;5.038723615847771E8;1.1652500683851182E7
-6.175174790471704E8;5.0003831022676224E8;1.1743628157430332E7
-6.208542134328573E8;4.9618309997203994E8;1.1834258648640463E7
-6.241646933552146E8;4.9230690858979005E8;1.1924388671493838E7
-6.27448797130939E8;4.884099144208364E8;1.2014014764360532E7
-6.307064042724298E8;4.844922963699573E8;1.2103133490017371E7
-6.339373954883375E8;4.805542338982321E8;1.219174143569523E7
-6.371416526841439E8;4.765959070154384E8;1.227983521312602E7
-6.403190589626385E8;4.7261749627245927E8;1.236741145858824E7
-6.434694986244375E8;4.6861918275375086E8;1.2454466832950965E7
-6.465928571684614E8;4.646011480699023E8;1.2540998021720318E7
-6.49689021292293E8;4.605635743501873E8;1.2627001735078175E7
-6.527578788925695E8;4.565066442351477E8;1.2712474707925992E7
-6.557993190654306E8;4.524305408692584E8;1.2797413699924108E7
-6.588132321066449E8;4.4833544789358634E8;1.2881815495527603E7
-6.617995095121993E8;4.442215494386356E8;1.2965676904021442E7
-6.647580439783489E8;4.400890301170753E8;1.3048994759551844E7
-6.676887294019134E8;4.35938075016662E8;1.3131765921159986E7
-6.705914608802724E8;4.317688696930117E8;1.3213987272815147E7
-6.734661347115053E8;4.275816001624981E8;1.329565572344895E7
-6.763126483942977E8;4.2337645289508265E8;1.337676820698738E7
-6.791309006280384E8;4.19153614807211E8;1.345732168238206E7
-6.819207913126979E8;4.149132732547171E8;1.3537313133638844E7
-6.84682221548834E8;4.106556160257818E8;1.3616739569846032E7
-6.874150936374625E8;4.0638083133385587E8;1.3695598025201514E7
-6.901193110800545E8;4.0208910781071526E8;1.377388555903803E7
-6.927947785782822E8;3.9778063449948686E8;1.3851599255849767E7
-6.954414020339518E8;3.9345560084771365E8;1.3928736225316565E7
-6.980590885487931E8;3.8911419670046103E8;1.400529360232707E7
-7.006477464243357E8;3.8475661229342115E8;1.4081268547005124E7
-7.032072851616176E8;3.803830382461296E8;1.4156658244731463E7
-7.057376154609941E8;3.759936655551304E8;1.4231459906166643E7
-7.082386492218834E8;3.715886855872131E8;1.4305670767272793E7
-7.107102995425639E8;3.6716829007264835E8;1.4379288089333465E7
-7.131524807200042E8;3.627326710986179E8;1.4452309158970833E7
-7.15565108249489E8;3.582820211025311E8;1.4524731288165469E7
-7.179480988244114E8;3.5381653286549085E8;1.4596551814276397E7
-7.203013703358297E8;3.493363995056654E8;1.4667768100061508E7
-7.226248418721404E8;3.4484181447177386E8;1.4738377533698885E7
-7.249184337185695E8;3.4033297153656065E8;1.4808377528806616E7
-7.271820673569393E8;3.358100647902641E8;1.487776552446171E7
-7.294156654651786E8;3.3127328863416195E8;1.4946538985217486E7
-7.316191519169321E8;3.267228377741645E8;1.5014695401118722E7
-7.337924517811687E8;3.221589072144316E8;1.5082232287719093E7
-7.359354913217497E8;3.1758169225106525E8;1.5149147186093962E7
-7.380481979969785E8;3.129913884657288E8;1.5215437662853975E7
-7.401305004592066E8;3.0838819171953595E8;1.5281101310158217E7
-7.42182328554251E8;3.0377229814679074E8;1.5346135745726472E7
-7.442036133209137E8;2.991439041487852E8;1.5410538612851566E7
-7.461942869903667E8;2.9450320638774145E8;1.547430758040897E7
-7.481542829855803E8;2.898504017806199E8;1.5537440342870062E7
-7.500835359206902E8;2.8518568749308413E8;1.559993462030989E7
-7.519819816003326E8;2.8050926093342066E8;1.566178815841653E7
-7.538495570189978E8;2.758213197464883E8;1.5722998728499718E7
-7.556862003603058E8;2.7112206180772275E8;1.5783564127500888E7
-7.574918509962275E8;2.6641168521717274E8;1.5843482178004803E7
-7.592664494862468E8;2.616903882934404E8;1.5902750728251243E7
-7.6100993757656E8;2.5695836956770876E8;1.5961367652147474E7
-7.627222581992818E8;2.522158277777391E8;1.6019330849276576E7
-7.644033554715501E8;2.474629618619056E8;1.6076638244910017E7
-7.660531746947808E8;2.4269997095325455E8;1.6133287790014358E7
-7.676716623538251E8;2.3792705437360525E8;1.61892774612587E7
-7.692587661162E8;2.3314441162766019E8;1.6244605261022756E7
-7.708144348312302E8;2.2835224239717564E8;1.629926921740172E7
-7.723386185292654E8;2.2355074653513265E8;1.635326738421305E7
-7.738312684208705E8;2.1874012405997616E8;1.6406597841001777E7
-7.752923368959628E8;2.1392057514985812E8;1.645925869304613E7
-7.76721777522975E8;2.090923001369053E8;1.6511248071360206E7
-7.78119545048016E8;2.0425549950153017E8;1.6562564132701026E7
-7.794855953940226E8;1.994103738667398E8;1.661320505956978E7
-7.808198856599594E8;1.9455712399250638E8;1.6663169060213594E7
-7.821223741199645E8;1.8969595077013275E8;1.6712454368627677E7
-7.833930202225757E8;1.8482705521672475E8;1.6761059244555883E7
-7.846317845898384E8;1.7995063846964544E8;1.6808981973495163E7
-7.858386290163974E8;1.7506690178098917E8;1.6856220866698146E7
-7.870135164686009E8;1.7017604651213136E8;1.6902774261179265E7
-7.881564110835079E8;1.6527827412819678E8;1.694864051971677E7
-7.892672781679634E8;1.6037378619259778E8;1.6993818030856326E7
-7.903460841976379E8;1.5546278436159688E8;1.7038305208915442E7
-7.913927968160763E8;1.5054547037883842E8;1.708210049398088E7
-7.924073848337375E8;1.4562204606994024E8;1.712520235191339E7
-7.933898182270379E8;1.406927133371194E8;1.7167609274347108E7
-7.943400681374309E8;1.357576741537803E8;1.720931977868899E7
-7.952581068702531E8;1.308171305591956E8;1.7250332408123065E7
-7.961439078940324E8;1.2587128465312055E8;1.7290645731607046E7
-7.969974458393335E8;1.209203385905088E8;1.7330258343874905E7
-7.978186964978173E8;1.1596449457617241E8;1.736916886543567E7
-7.986076368212801E8;1.1100395485948731E8;1.740737594257362E7
-7.993642449207072E8;1.060389217291037E8;1.74448782473469E7
-8.000885000653675E8;1.0106959750767328E8;1.7481674477584973E7
-8.007803826819627E8;9.609618454660681E7;1.7517763356884073E7
-8.014398743536955E8;9.111888522087394E7;1.7553143634620547E7
-8.020669578193998E8;8.61379019238268E7;1.758781408593048E7
-8.026616169726418E8;8.11534370620411E7;1.7621773511725944E7
-8.03223836860755E8;7.6165693050175E7;1.765502073869338E7
-8.037536036839913E8;7.117487230585836E7;1.768755461929496E7
-8.042509047945741E8;6.618117724457687E7;1.7719374031769574E7
-8.047157286958356E8;6.118481027462282E7;1.7750477880133633E7
-8.051480650412633E8;5.618597379205854E7;1.778086509418022E7
-8.055479046336342E8;5.118487017572357E7;1.7810534629480746E7
-8.059152394240605E8;4.618170178226953E7;1.7839485467382874E7
-8.062500625109849E8;4.117667094123174E7;1.7867716615012124E7
-8.065523681392131E8;3.6169979950118035E7;1.789522710526999E7
-8.068221516988088E8;3.116183106950539E7;1.7922015996834222E7
-8.070594097240512E8;2.6152426518154006E7;1.7948082374157853E7
-8.072641398922348E8;2.1141968468103137E7;1.797342534746553E7
-8.07436341022609E8;1.6130659039761104E7;1.7998044052751623E7
-8.075760130752037E8;1.1118700296989355E7;1.802193765177385E7
-8.076831571497471E8;6106294.2421818385;1.804510533204925E7
-8.077577754844811E8;1093642.8113588719;1.8067546306845076E7
-8.07799871455166E8;-3919052.1307247733;1.8089259815179247E7
-8.078094495738744E8;-8931588.79546304;1.8110245121813595E7
-8.077865154878682E8;-1.3943765475278014E7;1.8130501517250977E7
-8.077310759784546E8;-1.8955380548499186E7;1.8150028317731775E7
-8.076431389598287E8;-2.3966232484242376E7;1.8168824865229335E7
-8.075227134779681E8;-2.8976119847284183E7;1.8186890527446095E7
-8.073698097095506E8;-3.3984841302929E7;1.8204224697807185E7
-8.071844389607915E8;-3.8992195621870264E7;1.822082679545655E7
-8.069666136663905E8;-4.399798168502937E7;1.8236696265250392E7
-8.067163473884643E8;-4.900199848840049E7;1.8251832577754553E7
-8.064336548154726E8;-5.400404514785921E7;1.82662352292366E7
-8.061185517610989E8;-5.900392090397642E7;1.8279903741663042E7
-8.057710551632714E8;-6.40014251268179E7;1.8292837662694067E7
-8.053911830830349E8;-6.89963573207269E7;1.8305036565679487E7
-8.049789547035115E8;-7.398851712911339E7;1.8316500049653154E7
-8.045343903288393E8;-7.897770433923627E7;1.83272277393286E7
-8.04057511383185E8;-8.396371888697836E7;1.8337219285091043E7
-8.035483404097033E8;-8.894636086161385E7;1.8346474362994142E7
-8.030069010695972E8;-9.392543051055202E7;1.8354992674755E7
-8.024332181410668E8;-9.890072824403833E7;1.8362773947751284E7
-8.018273175182923E8;-1.0387205463988163E8;1.8369817935020134E7
-8.011892262103127E8;-1.0883921044813697E8;1.8376124415256385E7
-8.00518972340203E8;-1.1380199659580518E8;1.838169319280974E7
-7.998165851436518E8;-1.1876021419154796E8;1.8386524097683292E7
-7.990820949681159E8;-1.23713664530375E8;1.8390616985529438E7
-7.983155332717139E8;-1.2866214909835553E8;1.8393971737646393E7
-7.975169326221365E8;-1.3360546957732022E8;1.8396588260974187E7
-7.966863266955962E8;-1.3854342784957185E8;1.8398466488089256E7
-7.958237502757851E8;-1.4347582600258386E8;1.8399606377201226E7
-7.949292392528003E8;-1.4840246633370435E8;1.840000791214753E7
-7.940028306220908E8;-1.5332315135487378E8;1.839967110238872E7
-7.930445624834647E8;-1.5823768379732412E8;1.839859598300344E7
-7.920544740399698E8;-1.6314586661628142E8;1.8396782614682842E7
-7.910326055969391E8;-1.6804750299572676E8;1.8394231083724942E7
-7.899789985609548E8;-1.7294239635308984E8;1.8390941502027187E7
-7.88893695438921E8;-1.7783035034400442E8;1.8386914007081065E7
-7.87776739837125E8;-1.8271116886703375E8;1.8382148761966128E7
-7.866281764603304E8;-1.875846560683639E8;1.8376645955345616E7
-7.854480511107377E8;-1.9245061634648648E8;1.8370405801465906E7
-7.842364106872151E8;-1.9730885435684162E8;1.8363428540153105E7
-7.829933031841966E8;-2.0215917501648927E8;1.835571443681316E7
-7.817187776907281E8;-2.070013835087107E8;1.834726378243047E7
-7.804128843894509E8;-2.1183528528761354E8;1.8338076893567152E7
-7.790756745555205E8;-2.1666068608277267E8;1.8328154112361364E7
-7.777072005555822E8;-2.2147739190383136E8;1.8317495806523073E7
-7.763075158466188E8;-2.2628520904509604E8;1.8306102369335003E7
-7.748766749748851E8;-2.310839440901866E8;1.829397421964772E7
-7.734147335747308E8;-2.3587340391664514E8;1.8281111801875386E7
-7.719217483674829E8;-2.4065339570060217E8;1.8267515585993234E7
-7.70397777160216E8;-2.4542372692142722E8;1.8253186067531686E7
-7.688428788446802E8;-2.5018420536642912E8;1.823812376757092E7
-7.672571133960695E8;-2.5493463913553092E8;1.822232923273603E7
-7.656405418719336E8;-2.5967483664599296E8;1.8205803035187516E7
-7.6399322641102E8;-2.64404606637184E8;1.8188545772615027E7
-7.623152302322155E8;-2.691237581753106E8;1.817055806823047E7
-7.606066176334567E8;-2.738321006581743E8;1.8151840570760738E7
-7.58867453990713E8;-2.7852944381992793E8;1.8132393954444714E7
-7.570978057568411E8;-2.8321559773579925E8;1.811221891902864E7
-7.552977404605547E8;-2.878903728268344E8;1.8091316189762615E7
-7.534673267052977E8;-2.925535798646378E8;1.806968651739726E7
-7.516066341681296E8;-2.97205029976128E8;1.804733067818112E7
-7.497157335986488E8;-3.018445346482705E8;1.8024249473854706E7
-7.477946968178673E8;-3.0647190573286563E8;1.8000443731646422E7
-7.458435967170811E8;-3.110869554513398E8;1.7975914304267712E7
-7.438625072567788E8;-3.156894963994881E8;1.7950662069907103E7
-7.418515034654944E8;-3.202793415523716E8;1.792468793222605E7
-7.398106614386971E8;-3.2485630426900744E8;1.789799282035227E7
-7.377400583377808E8;-3.2942019829726654E8;1.787057768887636E7
-7.356397723887588E8;-3.339708377786781E8;1.7842443517845247E7
-7.335098828812724E8;-3.3850803725328374E8;1.781359131275795E7
-7.313504701674367E8;-3.430316116644839E8;1.778402210455985E7
-7.291616156607352E8;-3.475413763639321E8;1.775373694963588E7
-7.269434018349121E8;-3.520371471164269E8;1.7722736929806344E7
-7.246959122229457E8;-3.5651874010480416E8;1.769102315232194E7
-7.224192314159043E8;-3.6098597193487877E8;1.765859674985962E7
-7.201134450619497E8;-3.6543865964032227E8;1.762545888052151E7
-7.177786398651667E8;-3.698766206875582E8;1.759161072783262E7
-7.154149035845027E8;-3.742996729806627E8;1.755705350073853E7
-7.12900176444985E8;-3.789308562867881E8;1.7519980505464796E7
-7.101725240252181E8;-3.838706723797676E8;1.7479422500436604E7
-7.071504540230443E8;-3.892462014130348E8;1.7434082797810543E7
-7.039803706421653E8;-3.9477939977001417E8;1.738608484086724E7
-7.003984129940568E8;-4.009070234094823E8;1.733133492044933E7
-6.96458414776641E8;-4.0750158594936746E8;1.7270509216377553E7
-6.92201740845338E8;-4.1446312295787144E8;1.7204118980243888E7
-6.87537367325791E8;-4.219068302909667E8;1.713060502212709E7
-6.827878679254646E8;-4.29298299227671E8;1.70549700199377E7
-6.779537879615381E8;-4.366365877713997E8;1.6977222271261673E7
-6.73017925391764E8;-4.439467377172021E8;1.6897080671447635E7
-6.676247973337977E8;-4.5173379191622347E8;1.6808684557605453E7
-6.617996118176482E8;-4.5992180580656606E8;1.6712283226973707E7
-6.558671024028172E8;-4.6803523315449893E8;1.6613171594875595E7
-6.49828159600836E8;-4.7607270716100353E8;1.6511363921458164E7
-6.436836903071876E8;-4.840328699754639E8;1.6406874870675603E7
-6.374346177527562E8;-4.919143728628009E8;1.6299719509895843E7
-6.310818814545213E8;-4.9971587637227523E8;1.6189913309470888E7
-6.246264371661414E8;-5.0743605050797474E8;1.6077472142280074E7
-6.180692568286968E8;-5.1507357490106094E8;1.5962412283263426E7
-6.114113285212809E8;-5.226271389833427E8;1.5844750408992352E7
-6.046536564109094E8;-5.300954421614746E8;1.5724503597286569E7
-5.977972607010255E8;-5.374771939915776E8;1.5601689326831533E7
-5.908431775783155E8;-5.447711143546158E8;1.5476325476757571E7
-5.837924591580361E8;-5.519759336329447E8;1.5348430326164307E7
-5.766461734277211E8;-5.590903928878981E8;1.5218022553587424E7
-5.694054041894698E8;-5.661132440388377E8;1.508512123642736E7
-5.620712510006329E8;-5.730432500433267E8;1.4949745850327548E7
-5.546448291134409E8;-5.798791850792282E8;1.4811916268519463E7
-5.471272694135644E8;-5.866198347286725E8;1.467165276116073E7
-5.395197183572083E8;-5.932639961631421E8;1.4528975994689776E7
-5.318233379067335E8;-5.99810478329831E8;1.438390703116995E7
-5.24039305464196E8;-6.062581021390028E8;1.4236467327594265E7
-5.161688138032125E8;-6.126057006530193E8;1.4086678735124297E7
-5.0821307099928194E8;-6.188521192771411E8;1.3934563498284439E7
-5.001733003589048E8;-6.249962159513754E8;1.3780144254139667E7
-4.9205074034709513E8;-6.310368613430792E8;1.3623444031470578E7
-4.8384664451291794E8;-6.369729390398831E8;1.3464486249934694E7
-4.755622814126447E8;-6.428033457432349E8;1.3303294719215846E7
-4.671989345298746E8;-6.485269914623907E8;1.3139893638133861E7
-4.5875790219229275E8;-6.541427997091422E8;1.297430759369495E7
-4.502404974853477E8;-6.596497076939249E8;1.280656156005797E7
-4.4164804816324675E8;-6.650466665237324E8;1.263668089739983E7
-4.3298189655753416E8;-6.703326414018792E8;1.2464691350698335E7
-4.2424339948364747E8;-6.755066118298237E8;1.2290619048445674E7
-4.1543392814554197E8;-6.805675718104869E8;1.2114490501317874E7
-4.065548680382741E8;-6.85514530053344E8;1.193633260079455E7
-3.976076188489242E8;-6.90346510181004E8;1.175617261775122E7
-3.8859359435540855E8;-6.950625509368526E8;1.157403820103911E7
-3.795142223227649E8;-6.996617063928975E8;1.1389957376036033E7
-3.7037094439634514E8;-7.041430461574494E8;1.1203958543137945E7
-3.6116521599144024E8;-7.085056555829439E8;1.1016070476165747E7
-3.5189850617906064E8;-7.127486359736063E8;1.082632232064783E7
-3.4257229756767315E8;-7.168711047942605E8;1.0634743591986813E7
-3.331880861811655E8;-7.20872195879993E8;1.0441364173527472E7
-3.237473813330803E8;-7.247510596473255E8;1.0246214314535938E7
-3.142517054977314E8;-7.285068633076375E8;1.0049324628121449E7
-3.0470259417819905E8;-7.321387910823551E8;9850726.089126078
-2.95101595771291E8;-7.356460444200356E8;9650450.031988164
-2.8545027142958033E8;-7.390278422144926E8;9448528.148582311
-2.757501949204721E8;-7.42283421023743E8;9244992.486026997
-2.660029524823532E8;-7.454120352893522E8;9039875.444446895
-2.562101426774354E8;-7.484129575552043E8;8833209.774664572
-2.463733762407223E8;-7.512854786852043E8;8625028.575799806
-2.3649427592445612E8;-7.540289080799816E8;8415365.292740516
-2.265744763376727E8;-7.566425738932463E8;8204253.713473774
-2.166156237809626E8;-7.591258232489357E8;7991727.966289265
-2.0661937607660165E8;-7.61478022458967E8;7777822.516873635
-1.9658740239446428E8;-7.636985572419342E8;7562572.165317137
-1.8652138307391214E8;-7.657868329420391E8;7346012.043048348
-1.7642300944170603E8;-7.67742274748311E8;7128177.609674499
-1.6629398362554386E8;-7.69564327913531E8;6909104.6496979045
-1.5613601836307546E8;-7.712524579729631E8;6688829.269102837
-1.4595083680630347E8;-7.728061509627507E8;6467387.891818668
-1.357401723213914E8;-7.742249136386211E8;6244817.256088335
-1.2550576828405327E8;-7.755082736948897E8;6021154.410769142
-1.152493778704512E8;-7.76655779983229E8;5796436.711561202
-1.0497276384337881E8;-7.776670027306626E8;5570701.817153482
-9.467769833373095E7;-7.785415337568268E8;5343987.685277093
-8.436596261711147E7;-7.792789866898602E8;5116332.568646434
-7.403934688525555E7;-7.798789971809609E8;4887775.010746597
-6.3699650011938766E7;-7.803412231176376E8;4658353.841441505
-5.334867931320442E7;-7.806653448358587E8;4428108.172412334
-4.2988250301925905E7;-7.808510653319008E8;4197077.392463374
-3.2620186437053215E7;-7.808981104743791E8;3965301.162745711
-2.224631886782531E7;-7.80806229216393E8;3732819.41192021
-1.1868486173191858E7;-7.805751938069767E8;3499672.331268704
-1488534.0968608977;-7.802048000013322E8;3265900.3697678586
8891684.72181289;-7.796948672686617E8;3031544.229109184
1.927031102143585E7;-7.790452389963691E8;2796644.8585894024
2.964547919755135E7;-7.782557826899508E8;2561243.449780722
4.001531758779743E7;-7.773263901688476E8;2325381.430935503
5.037794876348244E7;-7.762569777593158E8;2089100.4611544982
6.073148982724075E7;-7.75047486485468E8;1852442.424398042
7.107405271626166E7;-7.736978822585726E8;1615449.423383574
8.140374451099508E7;-7.722081560636505E8;1378163.773374898
9.171866774936005E7;-7.705783241431034E8;1140627.995871116
1.020169207464951E8;-7.688084281772153E8;902884.8122009549
1.1229659792001083E8;-7.668985354610876E8;664977.137000152
1.2255579012092204E8;-7.648487390777076E8;426948.07152583625
1.3279258497055095E8;-7.626591580669695E8;188840.89677781274
1.4300506720357278E8;-7.603299375909054E8;-49300.93355519479
1.5319131901704702E8;-7.578612490960513E8;-287433.8002711153
1.6334942042511284E8;-7.552532904727088E8;-525513.9259261697
1.7347744961915594E8;-7.525062862106061E8;-763497.3822291096
1.8357348333353612E8;-7.496204875502414E8;-1001340.0975711988
1.9363559721679783E8;-7.465961726299021E8;-1238997.8646854754
2.036618662083E8;-7.434336466281402E8;-1476426.3484420988
2.1365036492024913E8;-7.401332419010705E8;-1713581.0938141057
2.235991680253602E8;-7.366953181143172E8;-1950417.5340494036
2.3350635065056214E8;-7.331202623697462E8;-2186890.9990343396
2.4336998877666536E8;-7.294084893278196E8;-2422956.723769112
2.5318815964331728E8;-7.255604413261812E8;-2658569.8568862095
2.6295894215830228E8;-7.215765884934195E8;-2893685.4692205694
2.726804173106734E8;-7.174574288563012E8;-3128258.5624701767
2.823506685879091E8;-7.132034884395747E8;-3362244.077983479
2.9196778239742476E8;-7.088153213574983E8;-3595596.9057170483
3.0152984849308074E8;-7.042935098973469E8;-3828271.893408639
3.110349604069589E8;-6.996386645947396E8;-4060223.855998478
3.204812158868789E8;-6.948514243012768E8;-4291407.5852864105
3.298667173396695E8;-6.89932456245608E8;-4521777.859743821
3.3918957227994E8;-6.84882456089038E8;-4751289.454391426
3.4844789378339386E8;-6.797021479749432E8;-4979897.150749057
3.5763980094438547E8;-6.743922845712439E8;-5207555.746886427
3.667634193376584E8;-6.689536471053019E8;-5434220.067580159
3.758168814841165E8;-6.63387045391315E8;-5659844.974565751
3.847983273201304E8;-6.576933178495888E8;-5884385.376894832
3.937059046703351E8;-6.518733315173041E8;-6107796.241439532
4.025377697236336E8;-6.459279820498221E8;-6330032.60358843
4.112920875131828E8;-6.398581937124431E8;-6551049.578103628
4.1996703240071654E8;-6.33664919363966E8;-6770802.370061853
4.2856078856472903E8;-6.273491404323809E8;-6989246.285864768
4.3707155049205333E8;-6.209118668817908E8;-7206336.744358217
4.454975234725633E8;-6.143541371703204E8;-7422029.288069694
4.5383692409726965E8;-6.07677018199335E8;-7636279.594543053
4.620879807591367E8;-6.008816052538494E8;-7849043.487757472
4.70248934156088E8;-5.939690219340928E8;-8060276.949638378
4.783180377952977E8;-5.869404200776364E8;-8269936.131687362
4.862935584984026E8;-5.797969796708423E8;-8477977.366705481
4.941737769077215E8;-5.725399087504777E8;-8684357.180515215
5.0195698799267626E8;-5.65170443295095E8;-8889032.303655842
5.09641501555558E8;-5.576898471046826E8;-9091959.683133146
5.1722564273711795E8;-5.500994116674501E8;-9293096.494279198
5.247077525232167E8;-5.424004560139043E8;-9492400.152721636
5.3208618825302607E8;-5.345943265592878E8;-9689828.326432146
5.393593241286546E8;-5.266823969357492E8;-9885338.947833166
5.465255517251091E8;-5.1866606781401616E8;-1.0078890225989453E7
5.535832804999588E8;-5.1054676671386284E8;-1.0270440658904506E7
5.605309383029326E8;-5.02325947803557E8;-1.0459949045838939E7
5.673669718861746E8;-4.9400509168939734E8;-1.0647374499589896E7
5.740898474134873E8;-4.8558570519529015E8;-1.0832676458755849E7
5.806980509681537E8;-4.770693211313206E8;-1.1015814700022688E7
5.871900890589622E8;-4.684574980511316E8;-1.1196749350458097E7
5.93564489124283E8;-4.597518199980046E8;-1.137544089979482E7
5.998198000339445E8;-4.509538962398845E8;-1.155185021269756E7
6.05954592587956E8;-4.4206536099318755E8;-1.1725938541046793E7
6.119674600110914E8;-4.330878731343255E8;-1.1897667536283959E7
6.178570184439499E8;-4.240231158983317E8;-1.2066999261771357E7
6.236219074317244E8;-4.1487279656587213E8;-1.2233896205061615E7
6.292607904101785E8;-4.0563864613947046E8;-1.2398321290094513E7
6.347723551879449E8;-3.9632241900853825E8;-1.2560237889353469E7
6.401553144250704E8;-3.8692589260283625E8;-1.271960983596956E7
6.454084061076559E8;-3.774508670349852E8;-1.287640143574918E7
6.505303940185907E8;-3.6789916473233414E8;-1.3030577479092965E7
6.555200682029748E8;-3.5827263005907375E8;-1.3182103252818389E7
6.603762454264336E8;-3.485731289279967E8;-1.333094455194431E7
6.650977696241989E8;-3.3880254840020096E8;-1.3477067691446757E7
6.696835123425275E8;-3.2896279627219445E8;-1.3620439517894022E7
6.741323731728481E8;-3.1905580065115017E8;-1.3761027420962574E7
6.784432801789603E8;-3.090835095180911E8;-1.3898799344873358E7
6.826151903169998E8;-2.9904789027921295E8;-1.4033723799738523E7
6.866470898492817E8;-2.889509293061372E8;-1.4165769872767277E7
6.905379947514496E8;-2.7879463146583754E8;-1.4294907239311665E7
6.942869511126962E8;-2.68581019641209E8;-1.4421106173752986E7
6.97893035527497E8;-2.5831213424221238E8;-1.4544337560282407E7
7.013553554772305E8;-2.479900327069267E8;-1.46645729036077E7
7.046730497026004E8;-2.3761678899153715E8;-1.4781784339476442E7
7.078452885682008E8;-2.2719449305094466E8;-1.4895944644966573E7
7.108712744184792E8;-2.167252503107444E8;-1.5007027248606374E7
7.137502419237602E8;-2.0621118113036752E8;-1.5115006240346838E7
7.164814584159753E8;-1.956544202574088E8;-1.5219856381355574E7
7.190642242138368E8;-1.8505711627341077E8;-1.5321553113604782E7
7.214978729370401E8;-1.7442143103148818E8;-1.5420072569230344E7
7.237817718088994E8;-1.6374953908627337E8;-1.551539157968541E7
7.259153219452411E8;-1.5304362711581686E8;-1.5607487684719449E7
7.278979586295825E8;-1.4230589333396786E8;-1.5696339141103938E7
7.297291515770237E8;-1.3153854689365064E8;-1.5781924930986304E7
7.314084051876459E8;-1.2074380728260103E8;-1.5864224769953767E7
7.329352587889165E8;-1.0992390371197577E8;-1.594321911485449E7
7.343092868664048E8;-9.908107449832499E7;-1.6018889171371998E7
7.355300992830671E8;-8.821756643978193E7;-1.6091216901342137E7
7.365973414858116E8;-7.733563418735136E7;-1.6160185029817613E7
7.375106946983178E8;-6.643753961186215E7;-1.622577705191141E7
7.382698760978452E8;-5.5525551166543834E7;-1.6287977239486577E7
7.38874638974268E8;-4.460194324347927E7;-1.6346770647640903E7
7.393247728741168E8;-3.36689955228163E7;-1.6402143120803533E7
7.39620103732648E8;-2.272899231642166E7;-1.6454081298461666E7
7.397604939934869E8;-1.1784221907450862E7;-1.6502572620596908E7
7.397458427152889E8;-836975.8863659876;-1.6547605332820868E7
7.39576085664547E8;1.0110451516135586E7;-1.6589168491192915E7
7.392511953951521E8;2.105576409889158E7;-1.6627251966716854E7
7.387711813141885E8;3.199666436223027E7;-1.6661846449521719E7
7.381360897335799E8;4.2930854181170985E7;-1.669294345278855E7
7.373460039052265E8;5.3856035479596086E7;-1.6720535316455549E7
7.364010440397218E8;6.47699109067134E7;-1.6744615210522443E7
7.353013673110299E8;7.567018451536691E7;-1.6765177137928354E7
7.340471678476797E8;8.655456244067834E7;-1.678221593711527E7
7.326386767089678E8;9.742075357873261E7;-1.679572728428545E7
7.310761618459333E8;1.0826647026515067E8;-1.6805707695329655E7
7.293599280475979E8;1.1908942895340104E8;-1.6812154527399905E7
7.274903168725863E8;1.298873508924982E8;-1.6815065980133235E7
7.254677065669055E8;1.4065796280339915E8;-1.6814441096564665E7
7.232925119664761E8;1.5139899755294484E8;-1.68102797638051E7
7.209651843829929E8;1.6210819482603014E8;-1.6802582713354982E7
7.184862114757262E8;1.727833017969107E8;-1.6791351520928185E7
7.158561171115112E8;1.8342207379786408E8;-1.6776588605929853E7
7.130754612113532E8;1.9402227498369676E8;-1.6758297230661787E7
7.101448395825864E8;2.045816789912034E8;-1.6736481499243151E7
7.070648837352741E8;2.1509806959329098E8;-1.6711146356231501E7
7.038362606824086E8;2.2556924134804648E8;-1.6682297584912373E7
7.004596727246095E8;2.3599300024343124E8;-1.6649941805251107E7
6.969358572199166E8;2.4636716433717787E8;-1.661408647157948E7
6.932655863382245E8;2.5668956439127678E8;-1.6574739869974146E7
6.894496668011475E8;2.6695804450240603E8;-1.6531911115138259E7
6.85488939611483E8;2.7717046272743684E8;-1.6485610146897214E7
6.813842797712005E8;2.8732469170214486E8;-1.6435847726427488E7
6.77136595987585E8;2.9741861925214773E8;-1.6382635432203848E7
6.727468303661733E8;3.074501489958246E8;-1.6325985655615525E7
