-1.66081409958091E8;1.8371902237210152E8;7925883.618244948
-1.7281470125951836E8;1.779459574658576E8;7970228.481233752
-1.7930792184324637E8;1.7192571087087777E8;8003501.48020035
-1.855531433290421E8;1.656676920329912E8;8025705.12577583
-1.9154276124282962E8;1.591814782201941E8;8036853.394736591
-1.9726949200002044E8;1.5247680757924658E8;8036971.509701267
-2.0272637010807505E8;1.455635728001325E8;8026095.737096768
-2.0790674562487397E8;1.384518153446148E8;8004273.203576737
-2.128042819085911E8;1.3115172019684818E8;7971561.730983559
-2.1741295369219807E8;1.236736110967025E8;7928029.689747881
-2.2172704551157758E8;1.1602794621773104E8;7873755.870434431
-2.257411505124842E8;1.0822531425143756E8;7808829.373066229
-2.2945016965832514E8;1.0027643085821408E8;7733349.513841571
-2.3284931135895592E8;9.219213544438119E7;7647425.748857488
-2.3593409153916848E8;8.39833882239409E7;7551177.614456202
-2.3870033416463375E8;7.566126752332439E7;7444734.683791919
-2.411441722418679E8;6.723696728707875E7;7328236.539182184
-2.4326204930785677E8;5.872179474219278E7;7201832.75977321
-2.4505072142393813E8;5.01271681782231E7;7065682.923992204
-2.4650725968767455E8;4.1464614799668066E7;6919956.626201336
-2.476290532756591E8;3.274576860645376E7;6764833.506890911
-2.4841381302885488E8;2.3982368257812012E7;6600503.295721435
-2.4885957558968213E8;1.5186254874305448E7;6427165.866760644
-2.4896470809734857E8;6369369.730906387;6245031.305277611
-2.48727913446666E8;-2456248.2089508576;6054319.985272694
-2.4814823611607376E8;-1.1278464970566366E7;5855262.6566731045
-2.4722506856999582E8;-2.0085054509362187E7;5648100.541042855
-2.459581582379408E8;-2.8863701970500384E7;5433085.434678001
-2.4434761506968465E8;-3.76020073229687E7;5210479.817925036
-2.423939196626747E8;-4.628748942703833E7;4980556.969441812
-2.4009793195522928E8;-5.4907590596629396E7;4743601.083977529
-2.3746090047586808E8;-6.344968172069692E7;4499907.392100273
-2.344844721354925E8;-7.190106801031415E7;4249782.280153866
-2.311707025452628E8;-8.024899544072317E7;3993543.408567399
-2.2752206683819842E8;-8.848065796023075E7;3731519.8264745506
-2.2354147096762642E8;-9.658320554036592E7;3464052.0804207334
-2.192322634497721E8;-1.0454375314422777E8;3191492.3147425223
-2.1459824751149535E8;-1.1234939069229023E8;2914204.3609961276
-2.0964369359716272E8;-1.1998719410715131E8;2632563.8135868227
-2.0437335218101966E8;-1.2744423752047928E8;2346958.0885179667
-1.9879246682284877E8;-1.3470760672679198E8;2057786.4619418061
-1.929067873956533E8;-1.4176441396958163E8;1765460.0849704328
-1.8672258340425023E8;-1.4860181414514992E8;1470401.9710026963
-1.8024665730263785E8;-1.552070225085769E8;1173046.9516323819
-1.7348635770569274E8;-1.615673339642442E8;873841.5969346873
-1.6644959237744722E8;-1.6767014402136472E8;573244.0955397595
-1.59144840865649E8;-1.735029714922563E8;271724.0895193514
-1.5158116663942996E8;-1.7905348300650793E8;-30237.541091082916
-1.4376822857319534E8;-1.843095194069946E8;-332148.94938163814
-1.3571629160494912E8;-1.8925912408431858E8;-633507.6536112993
-1.2743623638135658E8;-1.9389057329546177E8;-933800.9357055853
-1.1893956768641952E8;-1.9819240849953458E8;-1232506.3118560144
-1.1023842143520398E8;-2.021534707284292E8;-1529092.0809514846
-1.0134556999946547E8;-2.0576293699256527E8;-1823017.956573583
-9.227442561799423E7;-2.0901035870120686E8;-2113735.788201157
-8.303904163156669E7;-2.1188570205351293E8;-2400690.3770960583
-7.365411127117985E7;-2.14379390330021E8;-2683320.392066348
-6.413496371875641E7;-2.164823479846985E8;-2961059.38991332
-5.4497557152772605E7;-2.181860464050467E8;-3233336.9448533724
-4.475846848765157E7;-2.194825511722084E8;-3499579.890548559
-3.493487951591911E7;-2.2036457061482206E8;-3759213.6775765144
-2.5044559166703604E7;-2.2082550540976313E8;-4011663.8482027277
-1.5105841603745883E7;-2.2085949894023934E8;-4256357.629183456
-5137599.901455006;-2.2046148807760483E8;-4492725.642000601
4840784.940692933;-2.196272540081488E8;-4720203.728418407
1.480945985633064E7;-2.1835347268066406E8;-4938234.887590814
2.474814061809654E7;-2.1663776440545598E8;-5146271.319217657
3.463615792391306E7;-2.1447874209259093E8;-5343776.565492871
4.445250874668279E7;-2.118760575788848E8;-5530227.742639225
5.417591297218172E7;-2.0883044546161866E8;-5705117.850528442
6.3784875282687426E7;-2.053437638303561E8;-5867958.146406723
7.325775216920352E7;-2.014190312682286E8;-6018280.5663805725
8.257282387444778E7;-1.970604594819504E8;-6155640.17608015
9.170837098229964E7;-1.9227348091822115E8;-6279617.629709517
1.0064275527813256E8;-1.8706477073239598E8;-6389821.614604158
1.0935450441221644E8;-1.8144226249440774E8;-6485891.256722162
1.1782239980910575E8;-1.754151570485029E8;-6567498.461444749
1.2602556718361849E8;-1.6899392399274704E8;-6634350.163601553
1.339435689475894E8;-1.6219029531451407E8;-6686190.460398195
1.4155649771856305E8;-1.5501725080679777E8;-6722802.6006208835
1.4884507007255697E8;-1.4748899499083963E8;-6744010.803239935
1.5579071962296197E8;-1.3962092537717924E8;-6749681.8788498035
1.6237568846355715E8;-1.3142959201031668E8;-6739726.628577497
1.6858311598880157E8;-1.2293264836132671E8;-6714100.997176437
