-1.5190571572945978E7;4.4539805852982156E7;4960616.32324629
-3.5345863066127054E7;3.543226929170479E7;6088753.437748747
-4.981676929439212E7;2.0455353637649573E7;6224004.306953922
-5.774327952941343E7;2689702.244141489;5533492.983233114
-5.9445913834730186E7;-1.5429914986923324E7;4241430.476967134
-5.574820883745872E7;-3.2190409133287396E7;2560650.6970082256
-4.7623607089737415E7;-4.642418226806381E7;674175.9131134688
-3.606025978247649E7;-5.732614289866039E7;-1262603.6563606462
-2.203350659190597E7;-6.432367821176426E7;-3114067.301227024
-6527237.173743817;-6.6999015407720506E7;-4756188.230845247
9420647.446936002;-6.505520778310681E7;-6069626.590385099
2.465783747419872E7;-5.832420308078858E7;-6934811.769084136
3.784855021172922E7;-4.682810557291729E7;-7230479.945764866
4.74140282262428E7;-3.0921323030113485E7;-6839560.104160357
5.154247584739298E7;-1.1554501364962833E7;-5671194.037030299
4.842349266593849E7;9332049.025271222;-3713787.9187864177
3.696949069095637E7;2.8486627532659158E7;-1127183.759277302
1.80507869201553E7;4.1764452011883646E7;1677032.3464707835
-4803172.116584255;4.591301654643775E7;4113705.8230908434
-2.6746262008433327E7;4.051157033830846E7;5702844.192892183
