2042548.370502784;4.572421253591005E7;3468074.3885764102
-3776418.243841668;4.5936098659673065E7;4020970.817633241
-9545211.260466307;4.553338792170987E7;4520101.585997685
-1.519055913574857E7;4.4539767780127145E7;4960612.133337668
-2.0646346071962718E7;4.298889806906911E7;5339104.390403148
-2.5854938969542295E7;4.0922190795755975E7;5653581.4662828995
-3.076784741535613E7;3.8386540703341E7;5903326.967948496
-3.534580265522835E7;3.54321956460985E7;6088741.984768933
-3.955838239228659E7;3.2110893718445726E7;6211161.57124316
-4.338331975493378E7;2.8474332661411975E7;6272668.709613227
-4.6805624757490456E7;2.4572986482003827E7;6275918.765963721
-4.981662428293224E7;2.0455248639965694E7;6223982.554903697
-5.2412999960159376E7;1.616686028045461E7;6120212.003343395
-5.459587770909262E7;1.1750573040952174E7;5968129.330336359
-5.6370001124005035E7;7245995.360290213;5771338.622183626
-5.774300429467057E7;2689575.6488459096;5533457.510050985
-5.872478796767755E7;-1885317.4417841036;5258066.130059389
-5.932699537072779E7;-6448249.84606492;4948670.452639997
-5.9562579615694605E7;-1.0971537010108832E7;4608677.237372399
-5.94454524594578E7;-1.5430037626054062E7;4241378.175762161
-5.899020358275302E7;-1.9800939689071406E7;3849941.14295675
-5.821187987004605E7;-2.4063548275741193E7;3437406.8381832456
-5.712581502510002E7;-2.819908129303872E7;3006689.4239813266
-5.574750095803657E7;-3.2190477107262842E7;2560580.062821055
-5.4092493551768824E7;-3.602221627218804E7;2101752.4927993417
-5.217634655242359E7;-3.968015839079771E7;1632769.9835488766
-5.001456837201987E7;-4.3151394342604175E7;1156093.1737879873
-4.762259751659846E7;-4.6424113590016045E7;674088.4185847322
-4.501579315251988E7;-4.948748596520163E7;189036.37300748678
-4.2209438002784245E7;-5.233155717480464E7;-296859.38549712463
-3.9218751334295824E7;-5.494715720006121E7;-781463.8364561531
-3.6058910269059494E7;-5.732582078258961E7;-1262702.195453075
-3.2745078040355694E7;-5.945971924891302E7;-1738551.860213252
-2.929243813144797E7;-6.13416030238044E7;-2207034.669580364
-2.5716233490025595E7;-6.296475430359897E7;-2666209.5073992657
-2.2031810215517502E7;-6.4322949498964325E7;-3114165.2756058546
-1.825466527574122E7;-6.541043120864186E7;-3549014.2583045736
-1.440049792937763E7;-6.622188964968128E7;-3968885.9006762085
-1.0485264614854591E7;-6.675245364571096E7;-4371921.032887025
-6525237.115762485;-6.699769146374627E7;-4756266.579719911
-2537063.8273350876;-6.695362199378172E7;-5120070.811610679
1462166.0751016259;-6.661673698604031E7;-5461479.212593949
5454855.83176762;-6.598403530062404E7;-5778631.066003539
9422832.042764023;-6.5053070385010354E7;-6069656.890549639
1.3347273927413473E7;-6.3822012477511905E7;-6332676.898721142
1.7208641725344457E7;-6.22897273381162E7;-6565800.697704715
2.0986605425399765E7;-6.045587362805324E7;-6767128.511698377
2.465997549227325E7;-5.8321021386958286E7;-6934754.275233277
2.8206637900521986E7;-5.588679437500203E7;-7066771.0315247895
3.160349661881142E7;-5.315603932960356E7;-7161279.169173908
3.482642775708808E7;-5.0133025389019206E7;-7216398.145287545
3.7850250942393884E7;-4.682367699311364E7;-7230282.472342676
4.064872517100885E7;-4.323584338965341E7;-7201142.886484902
4.319457843170241E7;-3.9379607317572504E7;-7127273.758971466
4.545958281937126E7;-3.5267634322112985E7;-7007087.946485466
4.741468962474382E7;-3.0915562236258883E7;-6839160.377287782
4.903024187560732E7;-2.6342427331383176E7;-6622281.703131557
5.027628476571314E7;-2.1571119134804573E7;-6355523.259312935
5.112299688717135E7;-1.6628849546915805E7;-6038314.294655249
5.154126645229775E7;-1.1547613327574238E7;-5670531.865491416
5.150343567554463E7;-6364606.1030540215;-5252602.821137213
5.0984231730397016E7;-1122553.0071005002;-4785615.8277942175
4.996189243533309E7;4130113.1574045136;-4271439.295135081
4.841947723981383E7;9339298.785916006;-3712838.375943667
4.634632785045471E7;1.444560522255429E7;-3113581.0492583313
4.3739608014257014E7;1.938507765506051E7;-2478520.0574619696
4.06058111509898E7;2.4090417238999773E7;-1813634.8412707562
3.696208390856758E7;2.8492692533073064E7;-1126016.5944011523
3.283718346176335E7;3.2523530069541108E7;-423781.27172765194
2.8271879299683716E7;3.611768866410207E7;284099.2521453281
2.3318638284084123E7;3.921583913180774E7;988048.4627914804
1.804050059013157E7;4.176729933263921E7;1678207.4370265426
1.2509157977524402E7;4.373243625000936E7;2344803.917857602
6802365.528588488;4.508445996784473E7;2978534.154717888
1000924.9809031734;4.581040384316097E7;3570919.1279551173
-4814456.353954623;4.5911198306641184E7;4114599.7567753186
-1.0566119648467844E7;4.540087550309176E7;4603545.381534499
