-1.2946637348079908E8;-4.549275969901274E7;-1240467.6827187007
-1.0968832327287821E8;-6.279001109188378E7;-2503871.6414563437
-8.876810310056698E7;-7.94227084742722E7;-3740558.3715213956
-6.6748927010691024E7;-9.506281691500497E7;-4930377.410999491
-4.3838466861166194E7;-1.0943206696682863E8;-6054272.257541296
-2.036223962879063E7;-1.224045329435205E8;-7100962.578091079
3346753.9133619834;-1.34033277943994E8;-8069807.259256625
2.7035297590059325E7;-1.4449019363486904E8;-8968200.92197794
5.055075914941354E7;-1.539849134690894E8;-9806953.796437312
7.381946739552628E7;-1.6271269105938342E8;-1.0596920451717993E7
9.681694629297616E7;-1.7083490978262782E8;-1.134749038170837E7
