-1.461001315101799E8;-3.9540198739384964E7;49784.35783058428
-1.4247474389733702E8;-5.1248917730405405E7;14977.021610920187
-1.3784317176829925E8;-6.226476632759602E7;2261.748344851169
-1.3265954095559494E8;-7.260316273691043E7;27211.28203276906
-1.270471482384803E8;-8.263174519812445E7;61307.08978393829
-1.2072313781981899E8;-9.252856007457274E7;69691.10231548351
-1.134018054043213E8;-1.0211075689417876E8;45164.649034434384
-1.0503384624195641E8;-1.1097936368140858E8;9381.220071891961
-9.595080082442671E7;-1.18788295614198E8;-518.4285050393886
-8.662261804718316E7;-1.256343322735714E8;25734.716847485764
-7.713789542898175E7;-1.3190464105914025E8;56911.9570873473
