1.9566805515440512E9;2.193495856222086E9;-1.720242902117579E7
1.954627028929065E9;2.195181321354833E9;-1.716955983216889E7
1.9525718696776087E9;2.19686494699767E9;-1.7136676291133426E7
1.950515075320477E9;2.198546731532288E9;-1.7103778424041055E7
1.9484566473900669E9;2.200226673341486E9;-1.707086625687884E7
1.94639658742038E9;2.20190477080926E9;-1.7037939815649845E7
1.944334896947033E9;2.203581022320768E9;-1.7004999126373395E7
1.9422715775072348E9;2.205255426262321E9;-1.697204421508435E7
1.940206630639796E9;2.206927981021399E9;-1.6939075107833676E7
1.9381400578851392E9;2.208598684986644E9;-1.6906091830687813E7
1.9360718607852798E9;2.2102675365478997E9;-1.6873094409729224E7
1.9340020408838513E9;2.2119345340961986E9;-1.684008287105556E7
1.9319305997260816E9;2.213599676023669E9;-1.6807057240780614E7
1.929857538858807E9;2.2152629607237144E9;-1.6774017545033483E7
1.9277828598304706E9;2.2169243865908937E9;-1.6740963809958875E7
1.9257065641911073E9;2.2185839520209618E9;-1.6707896061716834E7
1.9236286534923882E9;2.220241655410851E9;-1.6674814326482382E7
1.921549129287568E9;2.2218974951587086E9;-1.6641718630447488E7
1.9194679931315308E9;2.223551469663886E9;-1.6608608999818023E7
1.9173852465807621E9;2.2252035773269076E9;-1.657548546081597E7
1.9153008911933694E9;2.2268538165495377E9;-1.654234803967868E7
1.9132149285290492E9;2.2285021857347326E9;-1.6509196762659218E7
1.9111273601491528E9;2.230148683286675E9;-1.6476031656025993E7
1.909038187616612E9;2.2317933076107473E9;-1.6442852746062884E7
1.9069474124959834E9;2.233436057113551E9;-1.6409660059069093E7
1.9048550363534489E9;2.235076930202905E9;-1.6376453621358821E7
1.9027610607567976E9;2.2367159252878776E9;-1.6343233459261864E7
1.9006654872754383E9;2.2383530407787213E9;-1.6309999599123009E7
1.8985683174804032E9;2.2399882750869613E9;-1.6276752067301981E7
1.896469552944345E9;2.2416216266253166E9;-1.6243490890173936E7
1.8943691952415388E9;2.2432530938077903E9;-1.6210216094128812E7
1.892267245947877E9;2.244882675049599E9;-1.6176927705571644E7
1.8901637066410446E9;2.2465103687672048E9;-1.6143625750922456E7
1.8880585788998935E9;2.2481361733783417E9;-1.6110310256615836E7
1.8859518643053613E9;2.2497600873019805E9;-1.6076981249101704E7
1.8838435644398603E9;2.2513821089583426E9;-1.6043638754844567E7
1.8817336808874536E9;2.2530022367689476E9;-1.6010282800324034E7
1.8796222152338314E9;2.2546204691565294E9;-1.5976913412034694E7
1.8775091690663378E9;2.256236804545151E9;-1.5943530616486138E7
1.8753945439739594E9;2.257851241360091E9;-1.5910134440203333E7
1.8732783415473282E9;2.2594637780279255E9;-1.5876724909726158E7
1.871160563378709E9;2.261074412976509E9;-1.5843302051609756E7
1.8690412110620425E9;2.262683144634961E9;-1.5809865892424624E7
1.8669202861929023E9;2.2642899714336767E9;-1.5776416458756115E7
1.864797790368532E9;2.265894891804531E9;-1.5742953777204843E7
1.8626737251878102E9;2.2674979041801095E9;-1.57094778743867E7
1.8605480922512891E9;2.269099006994841E9;-1.5675988776932674E7
1.858420893161174E9;2.270698198684261E9;-1.5642486511489E7
1.8562921295213215E9;2.2722954776851754E9;-1.5608971104717208E7
1.8541618029372559E9;2.273890842435691E9;-1.557544258329408E7
1.8520299150161738E9;2.2754842913752003E9;-1.5541900973911617E7
1.8498964673669138E9;2.277075822944367E9;-1.5508346303276863E7
1.8477614616000054E9;2.2786654355851684E9;-1.5474778598112483E7
1.8456248993276126E9;2.2802531277408457E9;-1.5441197885156067E7
1.8434867821635845E9;2.2818388978559666E9;-1.5407604191160481E7
1.8413471117234347E9;2.2834227443763523E9;-1.53739975428941E7
1.8392058896243477E9;2.285004665749177E9;-1.534037796714048E7
1.8370631174851627E9;2.2865846604228578E9;-1.5306745490698658E7
1.834918796926418E9;2.2881627268471165E9;-1.5273100140383365E7
1.8327729295702796E9;2.289738863472968E9;-1.523944194302434E7
1.8306255170406246E9;2.2913130687527523E9;-1.5205770925466903E7
1.8284765609629767E9;2.2928853411400566E9;-1.5172087114571663E7
1.826326062964516E9;2.2944556790898128E9;-1.5138390537214428E7
1.824174024674112E9;2.2960240810582147E9;-1.5104681220286036E7
1.8220204477223105E9;2.2975905455027742E9;-1.507095919069286E7
1.8198653337412987E9;2.299155070882284E9;-1.5037224475355973E7
1.817708684364969E9;2.300717655656876E9;-1.5003477101212043E7
1.8155505012288394E9;2.3022782982879634E9;-1.4969717095212502E7
1.8133907859701626E9;2.303836997238235E9;-1.4935944484323993E7
1.8112295402278128E9;2.3053937509717264E9;-1.4902159295528265E7
1.8090667656423519E9;2.306948557953753E9;-1.4868361555821925E7
1.8069024638560183E9;2.3085014166509585E9;-1.4834551292216698E7
1.8047366365127223E9;2.3100523255313096E9;-1.4800728531739214E7
1.8025692852580492E9;2.3116012830640354E9;-1.4766893301431244E7
1.8004004117392654E9;2.313148287719717E9;-1.4733045628348803E7
1.7982300176053112E9;2.314693337970239E9;-1.4699185539565584E7
1.796058104506801E9;2.316236432288812E9;-1.4665313062167965E7
1.7938846740960488E9;2.3177775691499267E9;-1.4631428223258466E7
1.7917097280270061E9;2.319316747029449E9;-1.4597531049954671E7
1.7895332679553397E9;2.320853964404512E9;-1.4563621569389272E7
1.7873552955383818E9;2.3223892197536077E9;-1.452969980871002E7
1.7851758124351418E9;2.323922511556462E9;-1.449576579507968E7
1.7829948203063214E9;2.3254538382942286E9;-1.4461819555676062E7
1.7808123208142953E9;2.3269831984493346E9;-1.442786111769211E7
