1.25558505923605E9;-7.571546301777935E8;-3.6825575606919535E7
1.25736036616093E9;-7.538506378576629E8;-3.6953775407506734E7
1.2591265495800107E9;-7.505412881700646E8;-3.708179983326529E7
1.2608841248015974E9;-7.472275001236895E8;-3.720923743693462E7
1.2626339273132353E9;-7.439086197040051E8;-3.733651988975419E7
1.2643749500170324E9;-7.405841115071688E8;-3.746383409985461E7
1.2661068524588354E9;-7.372549280455484E8;-3.759066612196005E7
1.2678307607734766E9;-7.33921211571845E8;-3.7717066026062205E7
1.2695464112621565E9;-7.305819570368375E8;-3.7843537057375245E7
1.2712527951570234E9;-7.272376030319332E8;-3.796976375393353E7
1.2729506074576287E9;-7.238889723903842E8;-3.809540230969892E7
1.2746405117644718E9;-7.205352678955234E8;-3.822094126518266E7
1.276321414965879E9;-7.171761329166923E8;-3.834646690544948E7
1.2779931784486983E9;-7.138125649553466E8;-3.847146233182519E7
1.279656928149575E9;-7.104445113002745E8;-3.8596078281671025E7
1.2813121886725202E9;-7.07071023195052E8;-3.872076802016712E7
1.282958066333021E9;-7.036926957091823E8;-3.884514699180545E7
1.2845954054313653E9;-7.003102317060711E8;-3.896894827531815E7
1.2862246795629735E9;-6.969227274477415E8;-3.909269655752674E7
1.2878447523183708E9;-6.935300072068006E8;-3.9216380654397376E7
1.289455681421526E9;-6.901330808895179E8;-3.9339496968910694E7
1.2910585530888712E9;-6.86731710312302E8;-3.946228807332104E7
1.2926527082343984E9;-6.833250338251542E8;-3.958514414916301E7
1.2942373883640304E9;-6.799137763398768E8;-3.9707627285015926E7
1.2958135548097036E9;-6.764985038735428E8;-3.982955293297596E7
1.2973814834594402E9;-6.730782426689141E8;-3.995146233242235E7
1.2989400321831667E9;-6.696529925801393E8;-4.007325331550821E7
1.300489443927843E9;-6.662237472523942E8;-4.019444926241132E7
1.3020307318430762E9;-6.627900986015885E8;-4.03153732267241E7
1.303563084404608E9;-6.593512946563206E8;-4.0436343776192844E7
1.3050858907848597E9;-6.55908163372366E8;-4.055688470507191E7
1.3066001969101396E9;-6.524611236697721E8;-4.0676895893602796E7
1.3081060822207944E9;-6.490091660169476E8;-4.079691759648901E7
1.3096024304283E9;-6.455524550670887E8;-4.091676536482071E7
1.3110896544368544E9;-6.420919438903366E8;-4.10360005738651E7
1.3125686679062371E9;-6.386270743563445E8;-4.1155013885970406E7
1.3140385388891184E9;-6.351572189672894E8;-4.127404781200505E7
1.3154988101853042E9;-6.316832829926187E8;-4.139260171421308E7
1.3169505811803675E9;-6.282055340613098E8;-4.1510658961770885E7
1.3183937432989593E9;-6.247229573690661E8;-4.1628743932248086E7
1.3198272314017248E9;-6.212358679343332E8;-4.174659985866869E7
1.3212516102635524E9;-6.177451584735014E8;-4.1863834509317495E7
1.3226676747331161E9;-6.142501431882164E8;-4.1980892687985234E7
1.3240744033002782E9;-6.107503269640293E8;-4.2097939841230944E7
1.32547149298028E9;-6.072466685746772E8;-4.221446323553207E7
1.326860067969324E9;-6.037392854366144E8;-4.233052631766807E7
1.3282398453926778E9;-6.002271833235787E8;-4.244662562008725E7
1.329609830522714E9;-5.967108110723019E8;-4.2562442508198574E7
1.3309707202935765E9;-5.931909857822007E8;-4.267763705019478E7
1.332323178230172E9;-5.89666917300595E8;-4.2792694919159815E7
1.3336661216111662E9;-5.861382450409313E8;-4.290770621314519E7
1.3349993979771454E9;-5.826059599477397E8;-4.30221567359809E7
1.336324131043172E9;-5.790700346526765E8;-4.31361846916404E7
1.337639880831716E9;-5.755295163094643E8;-4.325024974978401E7
1.3389457367383356E9;-5.719849701525176E8;-4.336398175639531E7
1.340242507566505E9;-5.684371267309039E8;-4.347709669559653E7
1.3415307191664703E9;-5.6488511445389E8;-4.359010865617055E7
1.342809252599959E9;-5.613287048296179E8;-4.3703036130001925E7
1.3440780989677134E9;-5.577689024375492E8;-4.3815372322386004E7
1.3453383601214592E9;-5.542055439151639E8;-4.3927323529006995E7
1.346589458058611E9;-5.506377335570445E8;-4.40393063262622E7
1.3478305751048858E9;-5.470661356497661E8;-4.415090886166018E7
1.3490626119503236E9;-5.43491387269553E8;-4.4261904613226816E7
1.3502859557092018E9;-5.399125568700647E8;-4.437282489796775E7
1.3514994724321024E9;-5.3632954218414795E8;-4.448362173910454E7
1.3527032874342172E9;-5.327433458305248E8;-4.459380285387278E7
1.353898463491091E9;-5.2915367962841827E8;-4.47036351489813E7
1.3550843042097297E9;-5.25559716035261E8;-4.481348837652867E7
1.3562600894559014E9;-5.2196220181089085E8;-4.492291799309723E7
1.3574267928495862E9;-5.183616772292617E8;-4.5031754797407195E7
1.358584666018536E9;-5.147571701040699E8;-4.5140537694094844E7
1.3597325773085825E9;-5.111486961099351E8;-4.524915823123905E7
1.3608707753041544E9;-5.075372432572247E8;-4.5357144068688616E7
1.3620002706673985E9;-5.039224111998516E8;-4.5464814897508964E7
1.3631202677790296E9;-5.003034473327418E8;-4.557249205820625E7
1.3642301451613777E9;-4.9668116555098027E8;-4.5679706336017326E7
1.3653309319816887E9;-4.930560091094159E8;-4.5786344228567466E7
1.3664227509515536E9;-4.8942698187674505E8;-4.5892944269815125E7
1.3675044862358987E9;-4.8579420764448816E8;-4.599934394479618E7
1.368576497807655E9;-4.8215865002052397E8;-4.610509472170818E7
1.3696397351610239E9;-4.785198098270147E8;-4.621056129487029E7
1.3706933214019291E9;-4.748770125137159E8;-4.631601677135943E7
1.3717367319933898E9;-4.7123112531259763E8;-4.642097420842419E7
1.3727710362242088E9;-4.675824968447633E8;-4.6525373033465065E7
1.3737962368536146E9;-4.63930120894587E8;-4.6629745151691824E7
1.3748112438722405E9;-4.6027421870995307E8;-4.6733880477806486E7
1.3758165163766844E9;-4.5661572238655335E8;-4.683735673126807E7
1.3768129372849007E9;-4.5295404727028257E8;-4.694057618040491E7
1.377799564680987E9;-4.49288596945188E8;-4.70437652746345E7
1.378775967016273E9;-4.456202798818478E8;-4.714642518701969E7
1.3797432404626324E9;-4.419493545469502E8;-4.7248544643381275E7
1.3807012783647933E9;-4.382748156436594E8;-4.735064429262423E7
1.381649023380378E9;-4.345969709279132E8;-4.745247280492376E7
1.3825870215212145E9;-4.309167163361632E8;-4.755363532920733E7
1.3835160869425397E9;-4.272333946039074E8;-4.765456485180268E7
1.3844352269874535E9;-4.2354648508849126E8;-4.775544380235227E7
1.3853440974284158E9;-4.1985692715441746E8;-4.7855766237975486E7
1.3862438103646348E9;-4.161648952061515E8;-4.795556594679014E7
1.3871341611549046E9;-4.124693931296832E8;-4.8055349195004895E7
1.388014129190384E9;-4.087708043565471E8;-4.815482939766457E7
1.388884335584623E9;-4.050699862250577E8;-4.825363921143834E7
1.3897455263000643E9;-4.013662208698338E8;-4.835223620054836E7
1.3905966701454568E9;-3.9765905916435593E8;-4.845076218384708E7
1.3914375032764156E9;-3.93949462750135E8;-4.854870785279644E7
1.3922691450309155E9;-3.9023752924146205E8;-4.864614743870541E7
1.3930913045611224E9;-3.8652227744753534E8;-4.874357103510325E7
1.3939029996812E9;-3.828041560393247E8;-4.8840662349979185E7
1.3947049154293985E9;-3.790839832558008E8;-4.893708068988757E7
1.3954977324334848E9;-3.753609915508796E8;-4.90333028465922E7
1.3962803911252058E9;-3.7163479763406694E8;-4.912943396690904E7
1.3970527002018592E9;-3.679063784501464E8;-4.922496418942715E7
1.3978157797130573E9;-3.641757629026538E8;-4.932000336839593E7
1.3985692643317618E9;-3.604419882140558E8;-4.941502479021492E7
1.3993122099879975E9;-3.567055584311692E8;-4.95096875097077E7
1.4000453552564135E9;-3.52967253855886E8;-4.960367584605772E7
1.4007693201327279E9;-3.492262669741103E8;-4.969748127472975E7
1.4014830248952844E9;-3.454822736225327E8;-4.979117654719659E7
1.4021863423326128E9;-3.4173626059069127E8;-4.988425321970859E7
1.4028803886681635E9;-3.3798819665218204E8;-4.997685188864116E7
1.4035647354951918E9;-3.342371389828481E8;-5.006942937175363E7
1.4042384749074388E9;-3.3048363780581605E8;-5.016162461813962E7
1.4049023894929612E9;-3.267284380442519E8;-5.025314468819783E7
1.4055570447616267E9;-3.229707006986288E8;-5.0344491975344695E7
1.4062013473066013E9;-3.192101533119525E8;-5.043571130468617E7
1.4068352251789482E9;-3.154477884179839E8;-5.052629688235673E7
1.4074597880101414E9;-3.1168352350505966E8;-5.061641520629381E7
1.4080745552196763E9;-3.079164355992764E8;-5.070650776240228E7
1.4086786517868538E9;-3.0414711258945394E8;-5.07961974538825E7
1.4092728956632898E9;-3.003762677225915E8;-5.0885211307735085E7
1.4098578051161563E9;-2.9660303782038176E8;-5.09740595852996E7
1.4104322779836123E9;-2.9282719424429125E8;-5.106276374183664E7
1.4109962885426538E9;-2.8904973235324764E8;-5.1150821235500865E7
1.4115509385935493E9;-2.852705272868197E8;-5.12384197299272E7
1.4120957057192037E9;-2.81488674472648E8;-5.132598715329791E7
1.412629743460403E9;-2.7770479161659104E8;-5.141313397721365E7
1.4131538973090591E9;-2.739195649033797E8;-5.1499604032823585E7
1.4136686463372552E9;-2.701321132185252E8;-5.1585913028301306E7
1.41417288325813E9;-2.663422435688603E8;-5.1672063623143174E7
1.4146666194506004E9;-2.6255095221177784E8;-5.175755660896423E7
1.4151509489095376E9;-2.587580808524842E8;-5.184259621649059E7
1.4156253171477296E9;-2.549627408057762E8;-5.192759908293742E7
1.4160889011449096E9;-2.5116557234086397E8;-5.201216647592807E7
1.4165425668442326E9;-2.4736723989387032E8;-5.209605558030962E7
1.416986762737143E9;-2.435668497465823E8;-5.217978565563222E7
1.417420378991103E9;-2.397642362213346E8;-5.226334511567567E7
1.4178434549541378E9;-2.3596039534408584E8;-5.234623775481367E7
1.418257077841527E9;-2.3215514421462893E8;-5.2428679915643506E7
1.418660670346808E9;-2.2834760671427855E8;-5.251107957543992E7
1.4190534271841974E9;-2.2453843892151555E8;-5.2593031709569E7
1.4194362282674634E9;-2.2072828934697238E8;-5.267430320372416E7
1.4198095004983058E9;-2.1691625627490127E8;-5.275541538527793E7
1.4201721332799754E9;-2.1310219294300795E8;-5.2836346928892724E7
1.4205241848324063E9;-2.0928709461484107E8;-5.291660399547519E7
1.4208667373510106E9;-2.0547076250588423E8;-5.299641071291686E7
1.4211991995422704E9;-2.0165232917621619E8;-5.3076169280184165E7
1.4215207777589684E9;-1.978324601435991E8;-5.3155471054856814E7
1.421832359861665E9;-1.9401179415413055E8;-5.3234088841714844E7
1.4221343603771455E9;-1.9018942557730582E8;-5.331254484451033E7
1.422425669178403E9;-1.8636521815029922E8;-5.339081245880165E7
1.4227063543145754E9;-1.825401662439075E8;-5.346839937444091E7
1.4229774951945252E9;-1.787140638099953E8;-5.3545533276753895E7
1.4232384950748487E9;-1.7488604785406938E8;-5.362261361679296E7
1.423488565630981E9;-1.7105678721861282E8;-5.369923065503298E7
1.423728596935709E9;-1.6722691722703323E8;-5.3775159268949986E7
1.4239590004553127E9;-1.6339553210742563E8;-5.385092151665467E7
1.4241786674665608E9;-1.5956249769766536E8;-5.3926489935821116E7
1.4243876668617322E9;-1.5572880754912907E8;-5.4001372808119334E7
1.4245870777114382E9;-1.5189425689747834E8;-5.407579720768458E7
1.424776306206296E9;-1.4805798282348922E8;-5.415016292321835E7
1.42495456296595E9;-1.4422065149943596E8;-5.422406157073567E7
1.425122734652871E9;-1.4038290120140126E8;-5.429726624784677E7
1.425281238978659E9;-1.3654382969844654E8;-5.437029789095949E7
1.4254289695017848E9;-1.3270329656822707E8;-5.444313257580258E7
1.4255659870208848E9;-1.2886229462453951E8;-5.451527823914331E7
1.4256933726786008E9;-1.250206288964343E8;-5.45869571907892E7
1.42581054397685E9;-1.2117743223439229E8;-5.46585726084328E7
1.425916704190246E9;-1.1733336212766702E8;-5.472971993415475E7
1.426012730883357E9;-1.1348906607053281E8;-5.480016668307498E7
1.4260990572079663E9;-1.0964364918216349E8;-5.487043161713591E7
1.4261745800672448E9;-1.057969564753872E8;-5.494049873524477E7
1.4262393432726762E9;-1.0194997992441246E8;-5.500987479150234E7
1.4262944321616175E9;-9.810254285803905E7;-5.507877315114545E7
1.4263392840612876E9;-9.425376985672167E7;-5.5147603308660105E7
1.426373088853838E9;-9.040430356262086E7;-5.5215967104777075E7
1.4263967090817997E9;-8.655480669995537E7;-5.528362277685111E7
1.4264106023109803E9;-8.270439588674596E7;-5.535108566250231E7
1.4264136702761595E9;-7.885289334856798E7;-5.541835206882762E7
1.4264059309515395E9;-7.500128974513994E7;-5.548492692623953E7
1.426388475453032E9;-7.114943523071292E7;-5.555101041167631E7
1.426360769714221E9;-6.72964425478546E7;-5.561702104742849E7
1.4263219845763273E9;-6.344293305091022E7;-5.5682569827897325E7
1.4262729612397187E9;-5.958959030091024E7;-5.574740218679222E7
1.4262141903089564E9;-5.573554710390497E7;-5.581202847392094E7
1.4261445804970365E9;-5.188059479882267E7;-5.587646169160333E7
1.4260641151499796E9;-4.802572169674617E7;-5.594020459965811E7
1.4259738919602017E9;-4.417081332220688E7;-5.600343985449957E7
1.4258734146211817E9;-4.031496769933285E7;-5.606659739951804E7
1.4257618298566177E9;-3.64587780653469E7;-5.612930039480706E7
1.4256399506719282E9;-3.2602953857960783E7;-5.6191278183601014E7
1.4255083088326309E9;-2.87466494846761E7;-5.6253034140453584E7
1.4253658230706842E9;-2.4889617488106277E7;-5.631460234084929E7
1.4252124334131372E9;-2.1032842057018448E7;-5.637548341828143E7
1.4250492438958426E9;-1.7176252619687505E7;-5.643583807942593E7
1.4248758055717652E9;-1.3318930519031806E7;-5.6496109652954474E7
1.424691236732394E9;-9461433.56628413;-5.6555936799795784E7
1.4244963146937504E9;-5604501.373748941;-5.661502980463172E7
1.4242916198095596E9;-1747316.2471947118;-5.667388255445052E7
1.424076084993655E9;2110415.6853749454;-5.673255453729082E7
1.4238495984324853E9;5967717.043680685;-5.679054479206442E7
1.4236132690012112E9;9824606.044619214;-5.684798756239805E7
1.4233667051816437E9;1.3682018826113082E7;-5.690534097322427E7
1.4231089934926755E9;1.753944085620992E7;-5.696226289916221E7
1.4228408673515074E9;2.1396098983136572E7;-5.70184420081593E7
1.4225629621970074E9;2.5252775699725483E7;-5.7074359575457886E7
1.4222742306264908E9;2.910981847526263E7;-5.713010474945028E7
1.4219745007398436E9;3.2966260499878574E7;-5.718517608822855E7
1.4216648832499278E9;3.682205938666968E7;-5.723967681391969E7
1.4213450545709271E9;4.0678168132142544E7;-5.729408056827514E7
1.421014067322644E9;4.4534123911433294E7;-5.7348068569393635E7
1.4206726020719523E9;4.8389117807192795E7;-5.7401305823506705E7
1.4203213546282365E9;5.2243888725745305E7;-5.7454257190967776E7
1.4199593043107502E9;5.609884428396846E7;-5.7507045554954596E7
1.4195862113118417E9;5.995303322793644E7;-5.755917077973024E7
1.4192031834791095E9;6.380634469344699E7;-5.761070053147267E7
1.4188099759848032E9;6.765974622386706E7;-5.7662123849894166E7
1.4184056069044454E9;7.151283568886122E7;-5.771314986231113E7
1.4179906942870345E9;7.536476753554974E7;-5.776341849624053E7
1.4175659980575197E9;7.921622760263087E7;-5.781337367521682E7
1.4171305329973576E9;8.306768931612326E7;-5.786317580260907E7
1.4166839841929252E9;8.691822331422974E7;-5.791232859426432E7
1.4162274500522516E9;9.076764298846804E7;-5.796085975232909E7
1.415760775451861E9;9.461692616242366E7;-5.800927259916046E7
1.4152829450527105E9;9.846574087657526E7;-5.805730916576454E7
1.4147945040892758E9;1.023132056528476E8;-5.810458363627932E7
1.4142962784387813E9;1.0615994274878505E8;-5.815151375285563E7
1.4137873289031248E9;1.1000649585107386E8;-5.8198300781374075E7
1.413267259136879E9;1.1385196527542375E8;-5.824445566897524E7
1.4127371495448341E9;1.1769608229712412E8;-5.828996200917612E7
1.4121969454656756E9;1.2153982855103293E8;-5.833533513719758E7
1.4116456013668005E9;1.2538295207332149E8;-5.838035537027198E7
1.411083578898456E9;1.2922453797470789E8;-5.8424611367591925E7
1.4105117694210598E9;1.3306513354306976E8;-5.846848876454837E7
1.4099292921760328E9;1.3690535557984468E8;-5.851223239328441E7
1.4093356642388937E9;1.4074434337380406E8;-5.855536470809885E7
1.4087319374068751E9;1.4458174094959867E8;-5.859782148428505E7
1.40811816762776E9;1.4841852487658313E8;-5.864012649729083E7
1.4074932848164284E9;1.5225453313653317E8;-5.868210403841789E7
1.406857656025703E9;1.5608882196015993E8;-5.8723318476273924E7
1.4062122349224057E9;1.5992185166894656E8;-5.876411683044486E7
1.4055562134100761E9;1.6375431298642585E8;-5.880478932681085E7
1.4048890183830721E9;1.675853949913993E8;-5.88448751408399E7
1.4042116604248173E9;1.7141465094746348E8;-5.8884259157830305E7
1.4035243150827513E9;1.7524304093889737E8;-5.892346859394032E7
1.402825896108911E9;1.7907050264421362E8;-5.8962377573206715E7
1.4021166650129082E9;1.828960701536179E8;-5.900052855327017E7
1.4013976315024245E9;1.8672010460324553E8;-5.90382230064134E7
1.4006680759800625E9;1.905433688988056E8;-5.907579722663787E7
1.3999273335283527E9;1.9436511419287822E8;-5.9112813277095065E7
1.3991763590521164E9;1.9818480151611495E8;-5.914910294739306E7
1.3984154548689835E9;2.0200336047604236E8;-5.918519038708616E7
1.3976435300066495E9;2.058208375604139E8;-5.922100538575748E7
1.3968607299432554E9;2.096362538226216E8;-5.925607213437992E7
1.3960681107495942E9;2.1344985928279454E8;-5.929063943535489E7
1.3952650584198656E9;2.1726248421403104E8;-5.9325088864352524E7
1.3944508170474036E9;2.2107345545479345E8;-5.935901246798159E7
1.3936262697969213E9;2.248821427929228E8;-5.9392187845151044E7
1.3927918503412461E9;2.2868942891294685E8;-5.942512804800128E7
1.3919464777085016E9;2.324954770183611E8;-5.945782406963635E7
1.3910901717861605E9;2.3629930670099252E8;-5.948978684556485E7
1.3902240216986098E9;2.4010104585393584E8;-5.952120549802287E7
1.3893475368153415E9;2.4390158371027672E8;-5.9552504313841015E7
1.3884598740501313E9;2.4770033748991135E8;-5.9583313274668135E7
1.3875618275637288E9;2.514965895978044E8;-5.961335605358448E7
1.38665396354821E9;2.5529115719943032E8;-5.964312512491472E7
1.3857352291736248E9;2.5908432621235204E8;-5.9672677579182774E7
1.3848055106612978E9;2.628751288562368E8;-5.970151755158602E7
1.3838659131756942E9;2.6666356153962412E8;-5.972976795760143E7
1.382916087143535E9;2.7045055999882036E8;-5.975789112610307E7
1.3819551096630661E9;2.742356472341754E8;-5.978556364188842E7
1.3809836679516976E9;2.780180253608968E8;-5.981245711701142E7
1.3800024576117685E9;2.817984258067265E8;-5.983903270530457E7
1.3790104754735873E9;2.855772604608472E8;-5.986541741150224E7
1.3780074681347518E9;2.8935359073388314E8;-5.989111651216218E7
1.3769945362036033E9;2.93127274651182E8;-5.991618110077021E7
1.3759714877003534E9;2.9689927761910725E8;-5.9941104508386284E7
1.3749373314013312E9;3.0066924397495914E8;-5.996561908356996E7
1.373892629620529E9;3.0443630616245604E8;-5.998934805807386E7
1.37283819919133E9;3.0820108880571634E8;-6.001270958091128E7
1.3717731112189596E9;3.119641293426297E8;-6.003590279834771E7
1.3706969695493793E9;3.157245372677562E8;-6.005844355314961E7
1.3696108464078004E9;3.1948202861605394E8;-6.008030687729356E7
1.3685147215161767E9;3.232375771406257E8;-6.0102007506944224E7
1.3674075514911022E9;3.269909634866441E8;-6.012334287791152E7
1.3662897565366602E9;3.3074126476531667E8;-6.014389351595864E7
1.3651622608187222E9;3.344889779129365E8;-6.016402240498826E7
1.3640242368293116E9;3.382347608141756E8;-6.018400089588666E7
1.3628751461522005E9;3.419777919948623E8;-6.02033662417945E7
1.3617160061790597E9;3.4571764598602533E8;-6.022201502317416E7
1.3605469785342538E9;3.4945527926341164E8;-6.0240471177153446E7
1.3593669889425957E9;3.531906221965148E8;-6.025860625692008E7
1.358176299924123E9;3.5692271469995415E8;-6.02759658766615E7
1.3569759229588327E9;3.606519065783869E8;-6.029284582813051E7
1.355765160543568E9;3.6437896540314364E8;-6.0309586962072976E7
1.3545433369588006E9;3.6810316128866506E8;-6.032576006102731E7
1.3533113865543184E9;3.718239325487398E8;-6.03411831639164E7
1.3520696575546083E9;3.755421890368184E8;-6.03563747378562E7
1.3508170714078152E9;3.7925802149893945E8;-6.037128859031752E7
1.3495537199735498E9;3.8297045452437884E8;-6.038544540275943E7
1.3482806758629415E9;3.8667967421470845E8;-6.039906261468599E7
1.3469974002590315E9;3.903865405661896E8;-6.0412544525529675E7
1.3457030904612372E9;3.940904387882426E8;-6.042550858932936E7
1.3443985689137895E9;3.9779068161250347E8;-6.043769690575166E7
1.3430843680574746E9;4.0148810024477756E8;-6.044960571345126E7
1.3417594369485972E9;4.05182952255694E8;-6.046127756791926E7
1.3404236874492218E9;4.088742722995708E8;-6.047222037330601E7
1.339078221348291E9;4.125620705876285E8;-6.048256374283956E7
1.3377226853471117E9;4.162472752209128E8;-6.049276554967582E7
1.3363561663373466E9;4.199294100249914E8;-6.050250369134559E7
1.3349793466370833E9;4.2360767846783906E8;-6.051144992506005E7
1.3335929320484827E9;4.272827999351169E8;-6.0520060067462325E7
1.332195935849455E9;4.3095519944968075E8;-6.052846938553798E7
1.3307880853145158E9;4.346239502474501E8;-6.053618724597926E7
1.329370474578673E9;4.382888803153323E8;-6.054324849389579E7
1.3279429585021214E9;4.419509543881166E8;-6.055015059658864E7
1.3265045371936717E9;4.4560985717596954E8;-6.055664572314034E7
1.3250557267041292E9;4.4926470497167856E8;-6.056234406692509E7
1.3235973858815238E9;4.5291607302186257E8;-6.056764232685808E7
1.322128632410098E9;4.5656454692892045E8;-6.057276893309074E7
1.3206490103080654E9;4.6020926954871666E8;-6.057725084408131E7
1.3191595657390163E9;4.638498874470097E8;-6.058102452772295E7
1.3176603775305526E9;4.674873639235845E8;-6.058460898353082E7
1.3161503902642462E9;4.7112156393927026E8;-6.058784374344248E7
1.3146299311781454E9;4.7475154429079944E8;-6.059028945594452E7
1.3130999820149653E9;4.783777069869861E8;-6.0592265687466174E7
1.3115598067139318E9;4.8200078227707916E8;-6.059408997752146E7
1.3100087745145602E9;4.8562001532195306E8;-6.059532456614469E7
1.3084478416454995E9;4.89234880164859E8;-6.059580794520612E7
1.3068773171590831E9;4.9284629535625947E8;-6.0596058929092966E7
1.305296129162475E9;4.964543205252416E8;-6.059601572925602E7
1.3037043986734357E9;5.0005798579892147E8;-6.059520463386182E7
1.3021031907672195E9;5.0365749662192917E8;-6.059385210140217E7
1.3004919564201696E9;5.072537017208152E8;-6.0592355343009524E7
1.2988699069546046E9;5.1084598166515326E8;-6.059033062074866E7
1.2972378672272408E9;5.1443365549227434E8;-6.0587523347335875E7
1.2955963707532992E9;5.18017550678702E8;-6.058442768557216E7
1.2939443755220942E9;5.215979286060515E8;-6.058108878945991E7
1.2922817856108506E9;5.251738300051089E8;-6.057701672942547E7
1.2906097017944543E9;5.2874524868967515E8;-6.057233233518992E7
1.288927798293525E9;5.32313114984527E8;-6.056749707431984E7
1.2872351549151645E9;5.358769767048764E8;-6.0562200267878085E7
1.2855324265926082E9;5.394360240390383E8;-6.055610388792338E7
1.2838203516981642E9;5.429909471369846E8;-6.0549651637374304E7
1.2820979703385396E9;5.465422063189596E8;-6.054299935797648E7
1.2803649671725476E9;5.500888936659671E8;-6.0535661655988425E7
1.2786224252237892E9;5.536307866846521E8;-6.052764598890605E7
1.2768702695044358E9;5.571688502774895E8;-6.051945657448912E7
1.275107485137338E9;5.607028278309928E8;-6.051087405796466E7
1.2733345238470469E9;5.642318150013146E8;-6.050149134039895E7
1.2715522946425622E9;5.677563221719553E8;-6.049167636674356E7
1.2697599752486458E9;5.712769934440949E8;-6.048169337312008E7
1.2679570382415087E9;5.747930151667256E8;-6.047108435151981E7
1.2661444926525135E9;5.783039557506266E8;-6.045974149456735E7
1.26432252891034E9;5.81810759410864E8;-6.0448184726380266E7
1.2624900850375175E9;5.853133870685304E8;-6.043630207235861E7
1.2606473838130758E9;5.888108813939284E8;-6.042363621048771E7
1.2587954566730568E9;5.923035384254382E8;-6.041045668920549E7
1.2569336737860496E9;5.957921566625443E8;-6.039712644491809E7
1.2550613143634923E9;5.992760600651466E8;-6.038323905752095E7
1.2531792579588106E9;6.027546277053338E8;-6.036857610504049E7
1.2512879582687454E9;6.062287229692812E8;-6.035364198957546E7
1.2493863639091897E9;6.096985365239346E8;-6.033844415211279E7
1.2474744526491976E9;6.131631055191183E8;-6.0322497909876205E7
1.245553318356322E9;6.166224887988023E8;-6.0305956649259806E7
1.2436225725946293E9;6.200775948928102E8;-6.0289264002614535E7
1.2416813327643378E9;6.235279267794538E8;-6.027208962044514E7
1.2397302979309866E9;6.269727062309867E8;-6.025411589362968E7
1.237770163408562E9;6.304126555343175E8;-6.023579846500588E7
1.2357999541362467E9;6.338481938928198E8;-6.021727010876685E7
1.2338193984687955E9;6.37278404671046E8;-6.0198045005682714E7
1.2318295846388965E9;6.407031015427952E8;-6.0178149478432685E7
1.2298304026078367E9;6.441232446540117E8;-6.015808141974043E7
1.2278208534179225E9;6.47538552327064E8;-6.013760979804273E7
1.2258014126800022E9;6.509481322274547E8;-6.011633579552272E7
1.2237729752767344E9;6.543525108778346E8;-6.009463391631723E7
1.221734712324719E9;6.577523179536171E8;-6.007275990775944E7
1.219686111932203E9;6.611467369988549E8;-6.005025553927616E7
1.2176281854519894E9;6.645353453519408E8;-6.002701751756389E7
1.2155611200820823E9;6.679190854037421E8;-6.000356410280268E7
1.2134838600592358E9;6.712979180475708E8;-5.997978354308251E7
1.2113966257954357E9;6.74670889371159E8;-5.995521972040698E7
1.209300450760686E9;6.78038287101124E8;-5.993013773219067E7
1.2071947202910593E9;6.814009140308974E8;-5.9904903815065704E7
1.2050787068368754E9;6.847581074701102E8;-5.987911739292948E7
1.2029532759484668E9;6.881092345001498E8;-5.985255212451516E7
1.200818907446813E9;6.914551448107232E8;-5.982570753460051E7
1.1986745610840178E9;6.947960552499411E8;-5.9798605249179736E7
1.196520184277501E9;6.98131009884799E8;-5.977076077030217E7
1.1943568731641006E9;7.014600316730924E8;-5.974230882590774E7
1.1921842858046508E9;7.047840393776814E8;-5.971370250457514E7
1.1900015206212044E9;7.081025738279997E8;-5.9684628672414236E7
1.187809236217819E9;7.114148340766324E8;-5.9654753607411504E7
1.1856081738090174E9;7.147215039389526E8;-5.9624517258212514E7
1.183397390167168E9;7.180230507884673E8;-5.959407994428461E7
1.181176558242056E9;7.213185805704552E8;-5.956296157125991E7
1.1789467521744418E9;7.24607846466544E8;-5.953115547069879E7
1.1767079430222087E9;7.278918085739287E8;-5.949916711555252E7
1.174459114770542E9;7.311702525989372E8;-5.946679806287191E7
1.172200670558608E9;7.344422655737331E8;-5.943363123738774E7
1.1699335551810544E9;7.377083024809439E8;-5.9400008787516855E7
1.167657006731035E9;7.409690527185091E8;-5.936622342855624E7
1.1653704407210577E9;7.44223749193492E8;-5.933183470665527E7
1.1630748234828587E9;7.474718929734162E8;-5.929669510055541E7
1.1607704528561769E9;7.507143990203141E8;-5.926131926102759E7
1.1584562753366647E9;7.539513251527249E8;-5.9225645135596566E7
1.15613240664837E9;7.571817129442223E8;-5.9189203413041905E7
1.1537999145780094E9;7.604057440108976E8;-5.915220744534595E7
1.1514582964088397E9;7.636242759767572E8;-5.9115062366407424E7
1.1491067477531917E9;7.668367310221984E8;-5.907740321394266E7
1.1467460480596862E9;7.700423976961277E8;-5.903895413386581E7
1.1443768032604678E9;7.732420563797374E8;-5.900019097835992E7
1.1419980134637086E9;7.764360436536924E8;-5.896120058545024E7
1.1396094946966746E9;7.796234290423331E8;-5.8921498013488665E7
1.137212341774092E9;7.828041011592863E8;-5.88811481226409E7
1.134806371349887E9;7.859790079926679E8;-5.884063432267496E7
1.132390618627848E9;7.89147815328347E8;-5.8799701068733856E7
1.129965610954198E9;7.92309657834976E8;-5.875796788881257E7
1.1275322092741137E9;7.954650999404546E8;-5.8715824594098024E7
1.1250895657733622E9;7.986147369293721E8;-5.867350638170478E7
1.122637206733374E9;8.017577424506373E8;-5.863055292455351E7
1.120176152595078E9;8.048937208474779E8;-5.8586874974830806E7
1.1177065703790903E9;8.080236143076478E8;-5.854298773398768E7
1.1152274162756307E9;8.111473718286879E8;-5.8498773593854524E7
1.1127389198194256E9;8.142640475180299E8;-5.845378068951234E7
1.1102421128514407E9;8.173739279506408E8;-5.8408272492190585E7
1.1077363946755848E9;8.204778163162445E8;-5.8362615842565E7
1.1052210362952623E9;8.235750645554618E8;-5.831641668194032E7
1.102696887741318E9;8.266650297069162E8;-5.82694411246781E7
1.1001644590611367E9;8.297485441368467E8;-5.8222181809938036E7
1.0976227277379346E9;8.328258569353889E8;-5.817467775893466E7
1.0950716034130197E9;8.358960245706189E8;-5.8126446242059246E7
1.0925121823386867E9;8.389590228092035E8;-5.80775967800159E7
1.089944188523261E9;8.420157813548878E8;-5.802859363578E7
1.0873666984641216E9;8.450658965082924E8;-5.7979149120560974E7
1.0847803110049043E9;8.481085397470254E8;-5.792890847142957E7
1.0821858294875503E9;8.511443357007627E8;-5.787828633297222E7
1.0795823644554245E9;8.541738196878351E8;-5.782748234631211E7
1.076969510236531E9;8.57196137676328E8;-5.777602827546147E7
1.0743483112920794E9;8.602109561105506E8;-5.772386886143956E7
1.071718861452571E9;8.632192252907004E8;-5.76715156917838E7
1.0690801300310192E9;8.662208358708633E8;-5.761882191168928E7
1.0664324069037644E9;8.692148545354087E8;-5.756534773721959E7
1.0637766996098278E9;8.722016213443987E8;-5.751138132678491E7
1.0611123622351272E9;8.751819074673938E8;-5.745726798779883E7
1.058438707545409E9;8.781550337937833E8;-5.740260135798143E7
1.055756616485396E9;8.81120393813653E8;-5.734716899217033E7
1.0530665529083093E9;8.840788404575441E8;-5.7291469017737016E7
1.0503674896451753E9;8.870305829381325E8;-5.723551891961358E7
1.04765937812634E9;8.899746761473098E8;-5.7178838873541236E7
1.0449433120433472E9;8.929111325252738E8;-5.7121556584139764E7
1.0422189809406841E9;8.958408715929846E8;-5.706412709009548E7
1.0394854809055786E9;8.987634655441549E8;-5.700625172890174E7
1.036743435153149E9;9.016781018562425E8;-5.694758596367767E7
1.0339936268978325E9;9.045854235201865E8;-5.688855138669071E7
1.031235157852722E9;9.074859467418911E8;-5.682933635780084E7
1.0284676433432832E9;9.103788128296521E8;-5.6769471848467976E7
1.0256921322241557E9;9.132637047449116E8;-5.670891107840368E7
1.0229087039731531E9;9.161415727897079E8;-5.664816365373965E7
1.0201163342259743E9;9.190122982377696E8;-5.6587077974924356E7
1.0173153217059402E9;9.218749525265135E8;-5.652521711246081E7
1.0145066709050051E9;9.247298804919707E8;-5.646287087059815E7
1.0116897369182734E9;9.275778507482358E8;-5.640038276562929E7
1.0088638357907506E9;9.304181869987967E8;-5.633734768944219E7
1.0060298456977229E9;9.332502825930953E8;-5.627355236046745E7
1.0031882374796137E9;9.360749864401392E8;-5.620949297328147E7
1.000337989904455E9;9.38892516314241E8;-5.614519144142158E7
9.974790442973971E8;9.417019317637882E8;-5.608016882262605E7
9.946124941560444E8;9.445032314768474E8;-5.601454519730025E7
9.917380502533883E8;9.472973382795026E8;-5.594877883301076E7
9.888548026221259E8;9.500838430561532E8;-5.588257953320933E7
9.859633543695288E8;9.528619253124155E8;-5.581559613701858E7
9.830645091349934E8;9.556322076007804E8;-5.574824118057447E7
9.801573887276251E8;9.583952292765812E8;-5.568071635259379E7
9.772415818820547E8;9.611501473962648E8;-5.561255754125274E7
9.743181249788189E8;9.638966153801905E8;-5.554370096948888E7
9.713871415032649E8;9.666355778273273E8;-5.547465709224626E7
9.684476048930511E8;9.693669547206576E8;-5.540529343889169E7
9.654997721308155E8;9.720898134879622E8;-5.533516631095402E7
9.625446665170152E8;9.748044558410913E8;-5.52645446014224E7
9.594311405650712E8;9.776488162360857E8;-5.519019097160273E7
9.560870820250323E8;9.806842626921293E8;-5.510989923313502E7
9.52421974669467E8;9.839888110625241E8;-5.502118933546431E7
9.486202589954913E8;9.873934800500652E8;-5.4929172092942454E7
9.443734271996815E8;9.911668748969591E8;-5.482570835066143E7
9.397611152662067E8;9.952313491236186E8;-5.47125741683528E7
9.348419658680522E8;9.995278166547642E8;-5.459164127132927E7
9.295246936172578E8;1.0041269555994481E9;-5.445963937690616E7
9.241836704903466E8;1.0087017088493522E9;-5.43267794236726E7
9.188193041788065E8;1.0132498355638133E9;-5.419200496127523E7
9.13412334879248E8;1.0177894684505452E9;-5.405591516000065E7
9.075808811208485E8;1.0226335568832519E9;-5.390768915640137E7
9.013665743364129E8;1.0277394588900928E9;-5.374928939374482E7
8.951227443619739E8;1.0328102664278262E9;-5.358863497959848E7
8.88848464925192E8;1.0378476147041196E9;-5.342655923124037E7
8.825456290813837E8;1.0428498822110507E9;-5.3262498336562306E7
8.762123237533411E8;1.0478177700892258E9;-5.309670446307657E7
8.698510248672253E8;1.0527508424287692E9;-5.292928176581068E7
8.634597046698247E8;1.0576485021450597E9;-5.275980073650159E7
8.570404838938435E8;1.0625115945134709E9;-5.258898898613539E7
8.505921243913362E8;1.0673383973217264E9;-5.241591488449975E7
8.441156187911732E8;1.072130615078055E9;-5.2241634791188404E7
8.376110889268275E8;1.0768860218190353E9;-5.206509214169085E7
8.310780899098184E8;1.08160642984382E9;-5.188725387434522E7
8.24518128060371E8;1.086289917738388E9;-5.170735743590624E7
8.179295780198663E8;1.090937626730293E9;-5.152590467204054E7
8.113148175836163E8;1.0955486159644763E9;-5.1342724078553654E7
8.046717500904948E8;1.1001228489817376E9;-5.115766223130903E7
7.980027881835445E8;1.1046606530006812E9;-5.097120316494902E7
7.913062411703744E8;1.1091607661991963E9;-5.078260130946267E7
7.845837262277753E8;1.1136245874569967E9;-5.059281199377259E7
7.77834666474791E8;1.118050043145022E9;-5.040078135458324E7
7.710593674838588E8;1.122439016737619E9;-5.020758188693964E7
7.642586502396255E8;1.1267893268954477E9;-5.001224261838133E7
7.574314803444985E8;1.1311025918156002E9;-4.981556397216001E7
7.505798500636574E8;1.13537725253702E9;-4.961701137301718E7
7.437018385940914E8;1.1396140214016743E9;-4.941682845299696E7
7.36799969335364E8;1.1438124564441645E9;-4.9215107842552476E7
7.298721962976491E8;1.1479720571909719E9;-4.901145434112728E7
7.229207609921826E8;1.1520935901144454E9;-4.880655355758673E7
7.15944282843544E8;1.1561754664790564E9;-4.859951470077547E7
7.089440259168462E8;1.1602193336517732E9;-4.839137799493818E7
7.019198203227507E8;1.1642230108777812E9;-4.818106727194442E7
6.948716051407065E8;1.1681884093086748E9;-4.796962462713662E7
6.87800547579121E8;1.1721134417532787E9;-4.7756154377389096E7
6.807053631464189E8;1.175999591919097E9;-4.754135447809276E7
6.735882372219303E8;1.1798455078414693E9;-4.732480839967758E7
6.66447164582354E8;1.1836517086901827E9;-4.710664353504709E7
6.5928470339693E8;1.18741796661194E9;-4.6887058265961476E7
6.520988562486778E8;1.1911436239273777E9;-4.666557292908137E7
6.448918035978184E8;1.194829595408976E9;-4.6442935227344766E7
6.376622667651292E8;1.1984742164525783E9;-4.621821712551893E7
6.304114365561237E8;1.2020792023164523E9;-4.599247810768535E7
6.23139222410967E8;1.2056423640798862E9;-4.576463737528018E7
6.15845535178819E8;1.209165636935964E9;-4.553573801831612E7
6.085315663474935E8;1.2126469413422809E9;-4.530488233895276E7
6.011960525876517E8;1.216087798401303E9;-4.507278096178503E7
5.938411717346927E8;1.2194868261070113E9;-4.483899268199483E7
5.864649433111374E8;1.2228446349700038E9;-4.460368561271701E7
5.790699476586661E8;1.2261609087769237E9;-4.436700628641939E7
5.716541485204054E8;1.2294351320037751E9;-4.412853552382334E7
5.642198404641819E8;1.2326681012035356E9;-4.388896285379722E7
5.567655946834056E8;1.2358582939091177E9;-4.364740956275001E7
5.492928321626458E8;1.2390073452650433E9;-4.340490804255215E7
5.418012052355198E8;1.242113130767511E9;-4.316037606971954E7
5.3429093538128054E8;1.2451776214160337E9;-4.291489724453152E7
5.2676291607652473E8;1.2481986551387084E9;-4.266749264110851E7
5.192161833383778E8;1.251177955709823E9;-4.241899807940252E7
5.1165268703768516E8;1.254113886499215E9;-4.216880944908696E7
5.040706154199515E8;1.2570074214670577E9;-4.191728969480903E7
4.964725075876786E8;1.2598578584351249E9;-4.166437340526829E7
4.888562636904442E8;1.2626651323359253E9;-4.140985772486373E7
4.812243985157244E8;1.2654296258111029E9;-4.115423190957918E7
4.735751478532804E8;1.2681502288085E9;-4.089678672543832E7
4.6591041125922346E8;1.2708282714769008E9;-4.0638436126842715E7
4.5822928114272785E8;1.273461865533404E9;-4.037815411880636E7
4.505326250796559E8;1.2760529128813806E9;-4.011704400674902E7
4.428206820873854E8;1.2785992054593966E9;-3.9854028257426985E7
4.3509314110839933E8;1.2811027082458563E9;-3.959012277592096E7
4.2735138525016445E8;1.2835614210420284E9;-3.932447003476094E7
4.1959407264274675E8;1.2859768603577511E9;-3.905774983424089E7
4.1182344772234863E8;1.288347699172992E9;-3.878953599244038E7
4.0403753357956916E8;1.2906746151149082E9;-3.852001076217097E7
3.962389517753333E8;1.292957246878027E9;-3.8249281438737646E7
3.88425629854577E8;1.2951952538149323E9;-3.797699440589326E7
3.806000051610683E8;1.2973892966339293E9;-3.770376313488238E7
3.7276045836495787E8;1.299538082348796E9;-3.742878712102571E7
3.649087399317657E8;1.301643111355485E9;-3.715304166786105E7
3.5704411317948645E8;1.3037024227083025E9;-3.687546894360615E7
3.491673096478493E8;1.3057179893024633E9;-3.659718362270988E7
3.4127869459433407E8;1.3076876099518888E9;-3.631711286014983E7
3.3337788427029276E8;1.309613268490051E9;-3.6036263268395565E7
3.254663166467461E8;1.3114929938975403E9;-3.575378636114421E7
3.1754264250953704E8;1.3133283291359499E9;-3.547036297919683E7
3.0960911144421905E8;1.3151179430755823E9;-3.51855538412567E7
3.01663763139231E8;1.3168625922622724E9;-3.489957157477075E7
2.9370923081162757E8;1.3185618490311434E9;-3.461247891677019E7
2.8574341858042806E8;1.3202155139303658E9;-3.4323980643323876E7
2.7776884629925746E8;1.3218241302769313E9;-3.403462640025294E7
2.697837737170245E8;1.3233865772655766E9;-3.374368025159056E7
2.6179014818343437E8;1.3249042359482532E9;-3.3452064022110637E7
2.5378698995883775E8;1.3263752858765342E9;-3.3158755903697975E7
2.4577534345144418E8;1.3278016493460295E9;-3.2864863998314332E7
2.3775523173155367E8;1.3291811609837656E9;-3.2569287661854107E7
2.297266523499496E8;1.3305158912081163E9;-3.2273104323040683E7
2.2169067228681904E8;1.3318037420760317E9;-3.1975351027893543E7
2.1364630320486298E8;1.333046521933924E9;-3.1676869359148245E7
2.0559549734845528E8;1.3342425895342875E9;-3.1377018626993794E7
1.9753652609687838E8;1.335393141591135E9;-3.1076249171978008E7
1.8947190668440124E8;1.336497287783498E9;-3.0774361954835188E7
1.8139954717859384E8;1.3375553869516037E9;-3.047133739696867E7
1.733221142974195E8;1.3385674482566288E9;-3.0167452889157943E7
1.6523758581650275E8;1.3395329262267299E9;-2.9862228206110146E7
1.5714834781630456E8;1.3404527120500772E9;-2.9556364964430027E7
1.4905285554197264E8;1.3413254535455227E9;-2.9249013530619863E7
1.4095284729597223E8;1.3421527523888967E9;-2.894117449813286E7
1.3284756780358733E8;1.3429326852544885E9;-2.8631781511692785E7
1.2473786330058797E8;1.34366727698532E9;-2.8321961595321942E7
1.1662393644823259E8;1.3443543588378494E9;-2.8010616378670353E7
1.0850565401245306E8;1.3449960300970333E9;-2.7698810905024413E7
1.003841812750058E8;1.3455902339036672E9;-2.738559930217826E7
9.22584813014118E7;1.3461387937512305E9;-2.707181184430416E7
8.413053007868676E7;1.346640094189124E9;-2.6756809621586617E7
7.599860624687025E7;1.3470953874437134E9;-2.6441057983822536E7
6.786521938514352E7;1.3475037497556832E9;-2.6124326043365188E7
5.97282852286118E7;1.3478656659567764E9;-2.580664552666917E7
5.1590494328250766E7;1.3481810389945858E9;-2.548822766000743E7
4.3449767844710745E7;1.348449515762287E9;-2.5168671246945165E7
3.5308608026846066E7;1.3486718303828914E9;-2.4848594797325566E7
2.7165297223163642E7;1.348846851211701E9;-2.452723056765504E7
1.9021820607448503E7;1.348976024071513E9;-2.420550974701034E7
1.0877112202647356E7;1.3490576117693727E9;-2.3882416369936448E7
2732397.8405253273;1.349093553373865E9;-2.355905741467668E7
-5412549.804205383;1.3490817608715632E9;-2.323431871468646E7
-1.35573907397342E7;1.3490243860961494E9;-2.290932584021305E7
-2.170145034225696E7;1.3489192862165425E9;-2.2583025265335705E7
-2.984527431332175E7;1.3487685254899793E9;-2.2256406464750677E7
-3.798734835185673E7;1.3485702008974032E9;-2.1928622054819185E7
-4.612898371353447E7;1.3483260104724414E9;-2.1600393975761786E7
-5.42679995190972E7;1.3480345448153186E9;-2.127119430755615E7
-6.2406254373448685E7;1.3476969148136241E9;-2.0941385621627625E7
-7.054115629905173E7;1.3473123860373328E9;-2.0610827168390255E7
-7.867482860182266E7;1.3468813452851474E9;-2.0279480064078987E7
-8.680456835829389E7;1.3464038219707801E9;-1.9947606302350216E7
-9.493245662272483E7;1.3458794391978657E9;-1.961477604651127E7
-1.030559832702643E8;1.345308980373431E9;-1.9281618387398787E7
-1.1117689625373043E8;1.3446913620383346E9;-1.8947371251463786E7
-1.1929314739429052E8;1.3440280202552662E9;-1.8612951533954456E7
-1.2740591161289488E8;1.3433173058151274E9;-1.827736162195305E7
-1.35513806951204E8;1.3425611327089334E9;-1.7941695646920197E7
-1.4361727149755028E8;1.3417574883602285E9;-1.7604841207674894E7
-1.5171570934302515E8;1.3409085416334429E9;-1.7267942711943068E7
-1.5980874798950619E8;1.340012153437645E9;-1.6929902412846614E7
-1.6789660475839365E8;1.3390705042383661E9;-1.6591786950318178E7
-1.759781155766238E8;1.3380815713420563E9;-1.6252636454337746E7
-1.840542480225397E8;1.3370473111797712E9;-1.5913324767839832E7
-1.921231508196933E8;1.3359660396855018E9;-1.5573133868757877E7
-2.0018640051688096E8;1.3348392861852713E9;-1.5232654438936764E7
-2.0824163245296535E8;1.3336658841735294E9;-1.4891484974596856E7
-2.1629083187547296E8;1.3324467851234448E9;-1.4549875530106828E7
-2.2433134176950067E8;1.331181459277159E9;-1.4207780255778806E7
-2.323653211506358E8;1.329870194630754E9;-1.3865088154821169E7
-2.4039006317834246E8;1.3285131487751696E9;-1.3522110668165475E7
-2.4840765727879992E8;1.3271099305753133E9;-1.3178392220552197E7
-2.564155848686436E8;1.3256613661939764E9;-1.2834567886146167E7
-2.6441563888986012E8;1.324166436692533E9;-1.2489886832912512E7
-2.7240569955333483E8;1.3226265551743195E9;-1.2145244505641768E7
-2.803870736948722E8;1.321040183633952E9;-1.1799669956816576E7
-2.883582052965932E8;1.3194091897829194E9;-1.1454234210923413E7
-2.963197777536007E8;1.3177316685049124E9;-1.1107838342798486E7
-3.04270906438755E8;1.3160097747539947E9;-1.0761631899322305E7
-3.122115748709029E8;1.3142414148087962E9;-1.0414487655135509E7
-3.2014161463536704E8;1.3124288456284041E9;-1.0067533745212816E7
-3.280602962567609E8;1.3105699726614413E9;-9719712.713455452
-3.3596814999269074E8;1.3086669687453377E9;-9372037.178377323
-3.438637804665499E8;1.3067179191278753E9;-9023607.770180987
-3.517483422393091E8;1.3047247410268624E9;-8675240.753938837
-3.596198735748266E8;1.3026858585692418E9;-8326266.772755073
-3.674800318341534E8;1.3006027895158393E9;-7977243.907079165
-3.7532642951393473E8;1.2984744229268894E9;-7627783.5858660145
-3.831610708990026E8;1.2963017706705024E9;-7278146.611691026
-3.90981310525965E8;1.2940842719178512E9;-6928252.1673860345
-3.9878932388897306E8;1.2918223695013156E9;-6578048.991095932
-4.0658238768640715E8;1.2895160931585932E9;-6227766.703507843
-4.1436266795861876E8;1.2871652986770563E9;-5877050.945202727
-4.22127541467987E8;1.284770602232647E9;-5526421.711521698
-4.2987899305391103E8;1.2823312977238672E9;-5175251.852965097
-4.3761466232805395E8;1.279848542715862E9;-4824312.117965367
-4.4533620181594104E8;1.277321132399901E9;-4472750.385527195
-4.53041651311581E8;1.274750686157255E9;-4121533.316192675
-4.607322094121022E8;1.2721355942686977E9;-3769644.434267171
-4.6840642067803425E8;1.2694778320175323E9;-3418181.2041108115
-4.7606494340018076E8;1.2667755004594357E9;-3066031.134402213
-4.8370689455485415E8;1.2640308075685482E9;-2714352.200155112
-4.913323436883123E8;1.2612416935682445E9;-2362006.9521765285
-4.9894100961571264E8;1.2584104677451584E9;-2010143.2327249337
-5.0653236261581314E8;1.2555350416448967E9;-1657667.8033372452
-5.141067157692548E8;1.2526176949403687E9;-1305651.697856277
-5.2166296514291334E8;1.2496564382103496E9;-953109.1771320391
-5.2920197683495414E8;1.2466533987195244E9;-600975.3807981861
-5.3672212912918645E8;1.243606802260479E9;-248426.2492504024
-5.442247711808187E8;1.240518515451389E9;103787.65777494351
-5.517078456738081E8;1.2373870782368665E9;456286.0239058073
-5.591730922926352E8;1.2342140078551836E9;808539.2246444914
-5.666181194970213E8;1.2309982359479637E9;1160932.832097091
-5.740449492564263E8;1.2277408644830902E9;1513181.1540009463
-5.81450969349589E8;1.2244412704461992E9;1865419.4579273711
-5.888383671410009E8;1.2211000991707366E9;2217615.4684426566
-5.962044284365287E8;1.2177172018631628E9;2569651.2409552108
-6.035513872843013E8;1.2142927504902134E9;2921744.5247900337
-6.108765448503329E8;1.2108270752169669E9;3273533.5558379875
-6.181820675000974E8;1.207319881244619E9;3625471.1308805766
-6.254653820052805E8;1.2037719601994298E9;3976971.801381053
-6.327284822286096E8;1.2001825780230482E9;4328698.626008309
-6.399690190693532E8;1.1965529509474037E9;4679871.398387087
-6.47188722659721E8;1.1928819508234997E9;5031330.924178024
-6.543855513876578E8;1.1891711657963836E9;5382137.795000521
-6.615608968508409E8;1.1854191327310994E9;5733272.525480685
-6.687130908974699E8;1.1816277470094743E9;6083676.479511122
-6.758431298660294E8;1.1777952796387143E9;6434428.503763524
-6.829497665411674E8;1.1739238604889863E9;6784392.999976138
-6.900335639497746E8;1.1700115700033407E9;7134704.479078547
-6.970937246748942E8;1.1660606954746761E9;7484192.990446434
-7.041303587381727E8;1.1620692046255257E9;7834006.582825789
-7.11143129469565E8;1.1580394642323644E9;8182982.203454041
-7.181316914978031E8;1.1539694064406564E9;8532241.421630897
-7.25096163289119E8;1.1498614017246704E9;8880666.548784895
-7.32035757378631E8;1.1457134202978332E9;9229316.044912223
-7.38951027044422E8;1.141527765252913E9;9577152.13840262
-7.458407696811391E8;1.1373025127161393E9;9925137.91860457
-7.527059405262387E8;1.1330398340734417E9;1.027234533619565E7
-7.595449601375519E8;1.1287379716207736E9;1.06196149060001E7
-7.663591427216067E8;1.12439890899872E9;1.0966152810761556E7
-7.731465792068079E8;1.1200211060663066E9;1.1312655255449692E7
-7.799088921111751E8;1.1156063119955814E9;1.1658481588747652E7
-7.866438963712474E8;1.1111532459506438E9;1.200416759436974E7
-7.933534669389541E8;1.1066633857801359E9;1.234923910689577E7
-8.00035200429996E8;1.1021357417146559E9;1.2694060929128956E7
-8.066911654588616E8;1.0975714934139264E9;1.3038333260559399E7
-8.133187997879276E8;1.0929699640326529E9;1.3382244649546975E7
-8.199203061583567E8;1.0883320179070444E9;1.3725672446689405E7
-8.264930227365012E8;1.0836573034937453E9;1.4068628537101833E7
-8.330392279630632E8;1.078946361830076E9;1.441116560003696E7
-8.3955621772575E8;1.0741991702756176E9;1.475312277590352E7
-8.460462904238051E8;1.0694159469342196E9;1.509472222210739E7
-8.525067536225967E8;1.0645969938043633E9;1.543563796619472E7
-8.591036914970846E8;1.0596178015944302E9;1.5784948124758074E7
-8.664319427992423E8;1.0540151502254581E9;1.6173933804364383E7
-8.744488807662753E8;1.0477987644263428E9;1.6601432134853033E7
-8.831780665548064E8;1.0409261111059176E9;1.7068322193612676E7
-8.924181783636864E8;1.0335290324294777E9;1.7564656485202152E7
-9.023058533616132E8;1.0254719636340836E9;1.809848084376682E7
-9.124897091412753E8;1.017017866325482E9;1.865104277467387E7
-9.230052546487455E8;1.0081187956769364E9;1.9224471652770583E7
-9.340789636303743E8;9.985560979402949E8;1.9831599281933326E7
-9.457187330264984E8;9.882871847974775E8;2.047354177891975E7
-9.580243071779072E8;9.771814380187943E8;2.115656085075082E7
-9.709335357135695E8;9.652466445403078E8;2.187799929716023E7
-9.842977734413567E8;9.525742169425892E8;2.2630284040005043E7
-9.978056256003019E8;9.394258989122206E8;2.3396541069403075E7
-1.0112893382401738E9;9.259466676619089E8;2.4167747338952113E7
-1.0250951544607894E9;9.117627236314952E8;2.496420993326521E7
-1.0392795864209574E9;8.967693777213045E8;2.5789600084851738E7
-1.0534991801736474E9;8.812926284285556E8;2.6624605050468273E7
-1.0674808819318093E9;8.656161445632257E8;2.7454002248756327E7
-1.081220850983873E9;8.497446596747093E8;2.8277073618310835E7
-1.0947177527481232E9;8.336827056884817E8;2.9093472067207444E7
-1.1079576431155007E9;8.174473222928274E8;2.9902964159493726E7
-1.1204478755283432E9;8.016709669419217E8;3.0674729236490697E7
-1.131988620436116E9;7.866762985390062E8;3.1394880741416123E7
-1.1430426021724706E9;7.719180069681691E8;3.2091473312344447E7
-1.1536315401810129E9;7.573976524616934E8;3.276544664037571E7
-1.1624459144202533E9;7.450098004348649E8;3.3331816175828677E7
-1.1687980401576266E9;7.35905781775855E8;3.374322608119701E7
-1.1736444500081646E9;7.28857317938281E8;3.405845682140221E7
-1.1783926553564432E9;7.218611117616209E8;3.436941663409321E7
-1.1830984545653665E9;7.148397954228495E8;3.467860838417744E7
-1.1877606743688986E9;7.077915219542798E8;3.4987011464593604E7
-1.192647726739349E9;7.00306634863805E8;3.531155343454315E7
-1.1977737089767585E9;6.923415697819496E8;3.565420455202897E7
-1.2033646763264885E9;6.835209852899522E8;3.60302972799679E7
-1.2094034471943429E9;6.738299702280909E8;3.643899959233294E7
-1.215361739794174E9;6.640937926113607E8;3.6845580559740834E7
-1.2212404656013436E9;6.543136292849641E8;3.724989055786777E7
-1.2270385785153766E9;6.44491076801936E8;3.765136536385311E7
-1.2327549466687517E9;6.346258611853614E8;3.805039682117013E7
-1.238390551283904E9;6.247183257802962E8;3.844727321460358E7
-1.2439452066033876E9;6.14770328608548E8;3.8841383781007245E7
-1.2494173283448064E9;6.047822982267461E8;3.923271314529976E7
-1.2548073240233874E9;5.947538974150307E8;3.962184309032666E7
-1.2601158340277867E9;5.846867349118338E8;4.000837590022738E7
-1.265341436131761E9;5.745820247934108E8;4.039190823646142E7
-1.2704836381576161E9;5.644392470341439E8;4.077302538552929E7
-1.2755435425111613E9;5.542593597935717E8;4.11517123805945E7
-1.2805203541506407E9;5.440441208334838E8;4.1527349518978186E7
-1.2854128145598147E9;5.3379337363600355E8;4.190025715188764E7
-1.290221933238627E9;5.2350729590969676E8;4.227081345382901E7
-1.2949477384350007E9;5.1318778634042627E8;4.2638409642509006E7
-1.29958865295596E9;5.028353782463453E8;4.30029780013846E7
-1.304145090143567E9;4.924496705354459E8;4.336513453783274E7
-1.3086178201450274E9;4.820322821530787E8;4.372448976837173E7
-1.3130054511655416E9;4.7158446151555437E8;4.408062574933214E7
-1.3173075698555954E9;4.6110565511981845E8;4.443415280201114E7
-1.3215253729616938E9;4.505968845107912E8;4.478503228690443E7
-1.3256580294210918E9;4.4005990934077394E8;4.513263896664972E7
-1.3297044040928438E9;4.294944679368878E8;4.547735878551249E7
-1.333665674884643E9;4.189008683833484E8;4.581951834389451E7
-1.3375417488115509E9;4.0828106237155664E8;4.615846744257533E7
-1.3413311062001789E9;3.976353706307325E8;4.649425178049943E7
-1.345034485686137E9;3.8696350721794724E8;4.68274587070747E7
-1.3486525105735853E9;3.762672768905189E8;4.715758540009906E7
-1.3521836797765534E9;3.655476604028349E8;4.748433794424176E7
-1.3556280390155988E9;3.548040741253506E8;4.78083856505039E7
-1.3589867361922789E9;3.440378927497735E8;4.812949938463397E7
-1.3622586280884836E9;3.3325065688161546E8;4.844713145697894E7
-1.3654430410876334E9;3.224418387286656E8;4.8761847918426804E7
-1.368541342135803E9;3.116122160138813E8;4.907374814674409E7
-1.3715529608558407E9;3.0076368208798546E8;4.9382159051012576E7
-1.3744766711852102E9;2.898960597745282E8;4.968740811375728E7
-1.3773137212289443E9;2.790095117814857E8;4.9989898016764194E7
-1.3800641939218702E9;2.6810603549035206E8;5.028896646355004E7
-1.382726582659932E9;2.571859751519747E8;5.0584641653132E7
-1.3853017326589355E9;2.462489998522523E8;5.087753792783884E7
-1.3877903398579893E9;2.352969698858014E8;5.116712381305301E7
-1.3901909036077652E9;2.2433079002282745E8;5.145313691666378E7
-1.392503696928452E9;2.133498489257813E8;5.173627590130227E7
-1.39472989288934E9;2.0235567274915695E8;5.2016227728419654E7
-1.3968682367023861E9;1.9134966286922124E8;5.229249650833339E7
-1.3989183927773561E9;1.8033116846976617E8;5.2565737071222536E7
-1.4008818138923347E9;1.6930125384284085E8;5.283590043824643E7
-1.4027576570636902E9;1.5826168981524867E8;5.310233942698832E7
-1.4045450540417943E9;1.4721199889464232E8;5.336556279753877E7
-1.406245518238982E9;1.3615273651170883E8;5.3625787428958446E7
-1.4078587069025893E9;1.2508588794060414E8;5.388230354816954E7
-1.4093833658939354E9;1.1401130042676756E8;5.413541045649898E7
-1.4108208670082583E9;1.0292904975575802E8;5.438555509847978E7
-1.4121713873515122E9;9.184117908770454E7;5.463204763901607E7
-1.4134334606911426E9;8.074794124272293E7;5.487495367481195E7
-1.4146081605637813E9;6.96490197683757E7;5.5114889048200294E7
-1.4156961486543534E9;5.854637553194757E7;5.535125237598063E7
-1.4166959134620423E9;4.744068521089192E7;5.55838828623394E7
-1.4176081333871012E9;3.633136063252123E7;5.5813493076047294E7
-1.4184338803148634E9;2.5220167883958712E7;5.603962035574045E7
-1.4191717369886854E9;1.410817948203554E7;5.626190593516719E7
-1.4198219494040477E9;2994664.347018866;5.648108871790623E7
-1.4203859023208053E9;-8118885.257756052;5.669687547017957E7
-1.4208623764975855E9;-1.9231057769526128E7;5.690874910378768E7
-1.4212511974927447E9;-3.034260937787796E7;5.7117415157005005E7
-1.4215539577192018E9;-4.1452366456114404E7;5.73227620846056E7
-1.4217697036737754E9;-5.255864900425682E7;5.752415759577978E7
-1.4218978865618873E9;-6.366214326233355E7;5.772222935555493E7
-1.421940205970097E9;-7.476200812878686E7;5.791704430724982E7
-1.4218960100265732E9;-8.585636837963061E7;5.8107896198385864E7
-1.4217644403961196E9;-9.694577254443286E7;5.829530630314807E7
-1.4215472171650453E9;-1.0802970113134608E8;5.847950547512922E7
-1.4212440002538152E9;-1.1910615195233594E8;5.865974958441206E7
-1.4208536924718096E9;-1.3017549468212032E8;5.883643932600078E7
-1.4203779667514606E9;-1.412375031658384E8;5.900994787154542E7
-1.4198167857545664E9;-1.5229010698600572E8;5.917952244428985E7
-1.4191688808205397E9;-1.6333347863913688E8;5.934544041774616E7
-1.4184358307810493E9;-1.7436764701598284E8;5.9508192640996255E7
-1.4176178788043954E9;-1.8539052036904606E8;5.966703949856654E7
-1.4167136432313282E9;-1.964020734597772E8;5.982214057780372E7
-1.4157245815546978E9;-2.0740254818440628E8;5.997407985277371E7
-1.4146511871754491E9;-2.1838986589452064E8;6.012214545072848E7
-1.4134920123266318E9;-2.293638157866211E8;6.026639011431811E7
-1.41224838300761E9;-2.4032481167016086E8;6.040746862971815E7
-1.4109210086334832E9;-2.512708104759489E8;6.0544704900383964E7
-1.4095084100922997E9;-2.6220143639456445E8;6.067805887249977E7
-1.4080117855054667E9;-2.731172380156586E8;6.0808237281992525E7
-1.4064320251439238E9;-2.8401621961674905E8;6.0934602233841E7
-1.404767641982885E9;-2.948978659544375E8;6.105703637369548E7
-1.4030197203003523E9;-3.057628287191029E8;6.117628341012561E7
-1.40118929703536E9;-3.166091622117077E8;6.12917415017219E7
-1.3992748908591545E9;-3.27436239969713E8;6.1403231868815444E7
-1.3972774936837978E9;-3.3824479087885743E8;6.1511523959340826E7
-1.3951982568844721E9;-3.490329146380021E8;6.161604627900649E7
-1.3930357105060198E9;-3.5979990294484854E8;6.171657430123289E7
-1.3907907806465154E9;-3.7054654119221175E8;6.1813895198020004E7
-1.3884647030407085E9;-3.812709642956205E8;6.19074594877276E7
-1.3860560188122575E9;-3.9197241186403334E8;6.199701218028554E7
-1.383565618030695E9;-4.0265170919230837E8;6.208335260885318E7
-1.3809947924355795E9;-4.1330701236299086E8;6.2165943161980644E7
-1.378342089942884E9;-4.239375388019404E8;6.224451334625789E7
-1.3756083963306532E9;-4.345441397382591E8;6.231987064894864E7
-1.3727950319395432E9;-4.45124976099384E8;6.239147810731133E7
-1.369900545207645E9;-4.55679273289523E8;6.245906461051939E7
-1.3669258503583362E9;-4.6620789545844454E8;6.252344238443243E7
-1.3638722688389828E9;-4.767089912848594E8;6.25840634837027E7
-1.3607383433338275E9;-4.871818248241255E8;6.264067132288609E7
-1.357525049412661E9;-4.976272593234029E8;6.269407904553264E7
-1.3542336809226692E9;-5.080434148572359E8;6.274371634543259E7
-1.3508627705318296E9;-5.1842962556099963E8;6.278935689428635E7
-1.3474133872852485E9;-5.28786737385282E8;6.283180952666555E7
-1.3438867664533527E9;-5.391128277737151E8;6.2870471163375564E7
-1.3402814305358844E9;-5.494073331911261E8;6.290516229836384E7
-1.336598572196245E9;-5.596710616827153E8;6.29366798532586E7
-1.3328393340937173E9;-5.699020380985452E8;6.2964379347737886E7
-1.3290022347109947E9;-5.800998339795383E8;6.2988145560669E7
-1.3250886167695184E9;-5.90265193237168E8;6.300875263063798E7
-1.3210994928470092E9;-6.003960841594434E8;6.3025508790826224E7
-1.3170333920964432E9;-6.104922457449903E8;6.3038381240651965E7
-1.3128918277452378E9;-6.205543250062892E8;6.304810648025193E7
-1.3086756417211564E9;-6.30580237822018E8;6.305394343048439E7
-1.3043833992843168E9;-6.405699210275382E8;6.305595989508106E7
-1.3000167957001634E9;-6.505238851885378E8;6.305483547708817E7
-1.2955764597674942E9;-6.604400082168291E8;6.304978286743124E7
-1.2910610308545673E9;-6.703184505515982E8;6.3040987556520924E7
-1.2864723853480296E9;-6.801595407582341E8;6.302904863549922E7
-1.2818108967987814E9;-6.899611456019045E8;6.3013142060965344E7
-1.2770753303203068E9;-6.997236666401573E8;6.299358522130178E7
-1.2722677262501304E9;-7.094472010174423E8;6.297086944010305E7
-1.2673881646999795E9;-7.191296452296375E8;6.294415107869156E7
-1.2624356015127892E9;-7.287716465434177E8;6.291388833384484E7
-1.257412203936641E9;-7.383730211499662E8;6.2880435439460896E7
-1.252317729331218E9;-7.479317510571288E8;6.284295488580187E7
-1.247151400232159E9;-7.574487155137028E8;6.280204627012681E7
-1.2419154512238152E9;-7.669234056343559E8;6.2757897920885235E7
-1.236609302801153E9;-7.76353959083359E8;6.270971312723078E7
-1.2312325259269216E9;-7.857414495855865E8;6.265822181608923E7
-1.2257873396224058E9;-7.950850115950876E8;6.260342169009595E7
-1.2202728360211494E9;-8.043830203168873E8;6.254459984807157E7
-1.214689013385923E9;-8.136366782377821E8;6.248259065104092E7
-1.2090379710298986E9;-8.228447523191485E8;6.241718499009198E7
-1.2033185116839232E9;-8.320059434479762E8;6.234780309852709E7
-1.197531124726616E9;-8.411214870905901E8;6.227534086236885E7
-1.191677670133457E9;-8.501898009918414E8;6.2199379604872756E7
-1.1857567376807725E9;-8.592099970889536E8;6.2119524396668084E7
-1.179769341635954E9;-8.681832205443704E8;6.203667252425024E7
-1.1737169775529106E9;-8.771075945033605E8;6.195021115162003E7
-1.1675981405688796E9;-8.859827115908583E8;6.1859978033460744E7
-1.1614143577716029E9;-8.948094845217937E8;6.1766797370175675E7
-1.1551666440553505E9;-9.035858372861263E8;6.166989951380194E7
-1.148853559071124E9;-9.12311880551014E8;6.1569390277874865E7
-1.1424770713821208E9;-9.209881492219831E8;6.1465938628854394E7
-1.136037625847841E9;-9.296125044929062E8;6.135867926149353E7
-1.1295340370880122E9;-9.381855618409948E8;6.124799854414187E7
-1.1229685777212749E9;-9.467073518629878E8;6.113433107273823E7
-1.1163410805706291E9;-9.55175844087618E8;6.101679976003138E7
-1.1095714887596571E9;-9.636910963601177E8;6.089459950646712E7
-1.1022726627125974E9;-9.727261551508796E8;6.0760566453611806E7
-1.0931014247042544E9;-9.838683933880159E8;6.0588198733256534E7
-1.08202375324003E9;-9.970258450006266E8;6.037481362019577E7
-1.0689638197326523E9;-1.0121326241830235E9;6.011614993356533E7
-1.0537055336310139E9;-1.0292544351935506E9;5.980462076866751E7
-1.0361034608697517E9;-1.0483370896063585E9;5.943420059863619E7
-1.0160594511151719E9;-1.0692432087694153E9;5.8997719528605044E7
-9.934137861793817E8;-1.0918720586039834E9;5.848740349454254E7
-9.683127819407485E8;-1.1158065882618053E9;5.790202491532152E7
-9.41567443461055E8;-1.1400688184993076E9;5.7256852916168995E7
-9.141352954790075E8;-1.1637121264195404E9;5.657350126237587E7
-8.864644469706699E8;-1.1863678735264235E9;5.5863467261052534E7
-8.582882492626872E8;-1.208279861102463E9;5.5120395479542844E7
-8.295935806594539E8;-1.229462821853173E9;5.434404138155065E7
-8.003988435301496E8;-1.2499055791145737E9;5.353495753513571E7
-7.707226211241838E8;-1.269597376275465E9;5.26937020566928E7
-7.405836770522835E8;-1.2885278834537575E9;5.1820842111332364E7
-7.100009493064185E8;-1.306687203793348E9;5.091695695087063E7
-6.789935407283466E8;-1.3240658779741495E9;4.998263981716516E7
-6.475807084736416E8;-1.3406548871600614E9;4.901849878086833E7
-6.157818540485656E8;-1.3564456546756985E9;4.8025156862802744E7
-5.836165144885683E8;-1.3714300466622887E9;4.7003251807326734E7
-5.511043546912913E8;-1.385600371857562E9;4.595343573458925E7
-5.1826516050183016E8;-1.3989493805285482E9;4.487637466738144E7
-4.8511883254653126E8;-1.4114702630746932E9;4.377274779130089E7
-4.516853804126904E8;-1.4231566477969172E9;4.264324619936536E7
-4.1798491612184757E8;-1.434002597769256E9;4.148857092396039E7
-3.840376457159649E8;-1.4440026066838255E9;4.030943029678906E7
-3.498638573081504E8;-1.4531515944517648E9;3.910653702320964E7
-3.154839046665852E8;-1.4614449049050295E9;3.7880605912811674E7
-2.809181864365047E8;-1.4688783092283716E9;3.663235407269262E7
-2.4618712430633554E8;-1.475448020750953E9;3.5362506759837136E7
-2.1131115344951558E8;-1.4811507258862753E9;3.4071812671621285E7
-1.763107508304076E8;-1.4859836191636784E9;3.276106549908207E7
-1.412065084290014E8;-1.4899443971221292E9;3.1431108916974697E7
-1.0601918227322143E8;-1.4930311752533858E9;3.008279935139955E7
-7.076963301964629E7;-1.4952423917582843E9;2.8716950619881775E7
-3.547869662565509E7;-1.496576790209587E9;2.7334311878347296E7
-167069.22776041296;-1.4970334829756923E9;2.5935588851929437E7
3.514475828440678E7;-1.4966120845438192E9;2.4521506444723897E7
7.04364011002644E7;-1.4953129071545467E9;2.3092920139664266E7
1.0568720087798253E8;-1.4931369549835222E9;2.1650852341818355E7
1.4087607043744898E8;-1.4900854857892044E9;2.0196282893501382E7
1.759819520544249E8;-1.4861597579488046E9;1.8729972180950668E7
2.1098425365862384E8;-1.4813612846994534E9;1.7252547689172454E7
2.4586290460470042E8;-1.4756923159402554E9;1.5764746597766532E7
2.8059771468522036E8;-1.4691561949767516E9;1.4267665452983152E7
3.1516762834154E8;-1.4617566345724218E9;1.2762464394220099E7
3.4955154182047224E8;-1.4534969486280522E9;1.124988795558537E7
3.837292750913099E8;-1.4443806262508063E9;9730461.142931404
4.17681371995065E8;-1.434412372985693E9;8205046.422915583
4.5138750042602956E8;-1.4235981118016384E9;6675009.343573717
4.848264341058009E8;-1.4119432118785498E9;5141308.838145436
5.17978051877674E8;-1.399452643089479E9;3604370.9418713916
5.508235052142683E8;-1.3861327274118476E9;2064973.5117040817
5.833428570660168E8;-1.3719913986684673E9;524623.8491095653
6.15515028961808E8;-1.3570356258139558E9;-1015762.0302505099
6.47320688210688E8;-1.3412719425874615E9;-2555884.1089572394
6.78741652317901E8;-1.3247090078935962E9;-4094678.3114997162
7.097575701312909E8;-1.307356446387761E9;-5630570.314571
7.403482165250225E8;-1.2892221086286676E9;-7163122.597791928
7.704959700327592E8;-1.2703148638257945E9;-8691851.614466568
8.001820696811705E8;-1.2506461741488514E9;-1.021502984575959E7
8.293860070119334E8;-1.2302258196114218E9;-1.1731824244118318E7
8.58090285198685E8;-1.2090632790352144E9;-1.3242076375957323E7
8.862774646351836E8;-1.1871713311775064E9;-1.4744141297611443E7
9.139273029429041E8;-1.1645615440963619E9;-1.6236914075835312E7
9.410227031468968E8;-1.1412443831516218E9;-1.7720388426234554E7
9.675470903571675E8;-1.1172340271611495E9;-1.9192903630980533E7
9.93480668875009E8;-1.0925433186498454E9;-2.0653357591274805E7
1.0188073532929971E9;-1.0671840080177517E9;-2.2101797098869067E7
1.0435108936732886E9;-1.04117193573124E9;-2.3536345575880967E7
1.0675721775739517E9;-1.0145205608338081E9;-2.4956256690787397E7
1.0909767243242116E9;-9.872434817700814E8;-2.6361390325010978E7
1.1137078037471058E9;-9.593580441574657E8;-2.7749639488674305E7
