1.2562633775387402E9;-7.562948044531031E8;-3.733657155983748E7
1.2562023036968935E9;-7.533792918154997E8;-3.7081439251665495E7
1.2588808803573747E9;-7.515933608880409E8;-3.651477608597684E7
1.2620591760514686E9;-7.471418254497753E8;-3.7370516628235966E7
1.2621449956710012E9;-7.428741521771601E8;-3.782126151660087E7
1.2633294114950829E9;-7.411389886060492E8;-3.7073495840992555E7
1.2669877652122467E9;-7.380002083343945E8;-3.7294117326633364E7
1.2683006947743614E9;-7.329444195105609E8;-3.8267623535332456E7
1.2683196815575643E9;-7.303046328533845E8;-3.786430092888877E7
1.2712435612715743E9;-7.28316105133805E8;-3.741266369895764E7
1.2740746249712741E9;-7.235912456992137E8;-3.8360955355020985E7
1.2739479732828538E9;-7.195857563396496E8;-3.864158643876091E7
1.2754192498472242E9;-7.1789449310691E8;-3.788610071655069E7
1.2790124718943262E9;-7.143926415429993E8;-3.827389751365605E7
1.2799103724760919E9;-7.093916836080568E8;-3.9164281465570986E7
1.2800599056211107E9;-7.069881931727179E8;-3.863868182113665E7
1.2831750617949693E9;-7.047578053348495E8;-3.831749134589047E7
1.2856287563963356E9;-6.998210244814681E8;-3.932421904977322E7
1.285359949592139E9;-6.960848395646516E8;-3.943862068409328E7
1.287108456538125E9;-6.943813093836204E8;-3.8703977706248015E7
1.2905702508523326E9;-6.905345596356134E8;-3.9243531029774606E7
1.2910971349482331E9;-6.856408455590692E8;-4.002870222839126E7
1.2914132659123342E9;-6.83430138149693E8;-3.9407414517987944E7
1.2946628886887653E9;-6.809309521933963E8;-3.9225464831092976E7
1.2967258816566298E9;-6.758431644451624E8;-4.025844529665647E7
1.2963776317311168E9;-6.72370857216257E8;-4.0216222478872344E7
1.2983834328261607E9;-6.70605762128914E8;-3.952642311541694E7
1.3016581954426007E9;-6.664420209902219E8;-4.0198365610802464E7
1.3018636811029143E9;-6.616948775814357E8;-4.086354741197553E7
1.302369276843935E9;-6.59632346719163E8;-4.017241855498224E7
1.3056968183586605E9;-6.568490103530637E8;-4.013256140533877E7
1.3073701969140205E9;-6.516674086955885E8;-4.116297326841929E7
1.3069959400330303E9;-6.484440586660749E8;-4.097771036110202E7
1.309231535643126E9;-6.465759021922262E8;-4.0351985715369746E7
1.3122753486653607E9;-6.421297917534903E8;-4.113465705935913E7
1.3122107451374042E9;-6.375560875911337E8;-4.167167306263162E7
1.312917142927245E9;-6.355983465394427E8;-4.093477967874763E7
1.3162688229220998E9;-6.325258953369243E8;-4.1034791665837295E7
1.317565235928897E9;-6.273016451277848E8;-4.2038080215430014E7
1.3172084653134685E9;-6.243056999651299E8;-4.17257985005611E7
1.3196413253083725E9;-6.223011717986969E8;-4.117866355857099E7
1.3224220628300574E9;-6.176111597488308E8;-4.204960098304366E7
1.3221372914432302E9;-6.13226604803657E8;-4.2455898151996225E7
1.3230461363475451E9;-6.113331843228397E8;-4.169485380727039E7
1.3263728686848655E9;-6.079755292501881E8;-4.192840815862221E7
1.3273135408746834E9;-6.027523542998313E8;-4.288471722352187E7
1.3270078841566637E9;-5.999581449208761E8;-4.2462585406676956E7
1.329602704044287E9;-5.977920649558583E8;-4.200409241421358E7
1.3320994210039294E9;-5.928979194840775E8;-4.294128242626285E7
1.331640780754422E9;-5.887087403190652E8;-4.321884458164724E7
1.3327458896114454E9;-5.868432539586276E8;-4.245238426548822E7
1.3360046275587783E9;-5.832114953707403E8;-4.2810054250666365E7
1.33661651321832E9;-5.780250429056183E8;-4.370427024307426E7
1.3363863193454068E9;-5.754048829086868E8;-4.318958002939832E7
1.3391069577690578E9;-5.730598030696127E8;-4.282571663174998E7
1.3413087598967369E9;-5.680004837699802E8;-4.380857018832794E7
1.3407174625905929E9;-5.64005236307331E8;-4.3962837144360445E7
1.3420066093726976E9;-5.621361007644173E8;-4.320662337980512E7
1.345161143350917E9;-5.582467988761086E8;-4.367685366201139E7
1.345474399854104E9;-5.531246278364778E8;-4.449835996619566E7
1.3453356412660882E9;-5.506504872422366E8;-4.3907752555495925E7
1.348146717465343E9;-5.481160422938201E8;-4.364093555795025E7
1.350051310540622E9;-5.42928075951305E8;-4.465098122658113E7
1.3493626643083932E9;-5.391194226114204E8;-4.468985084312389E7
1.3508192192212188E9;-5.372202170048631E8;-4.395645146560423E7
1.3538404904817336E9;-5.3309372933149546E8;-4.4526446723554984E7
1.3538863714805572E9;-5.280557543084973E8;-4.52686848612738E7
1.3538477109561946E9;-5.257005333566679E8;-4.461760009911921E7
1.3567158585501547E9;-5.229726244717132E8;-4.444722127470808E7
1.358327954607695E9;-5.176889620225494E8;-4.5468535974719964E7
1.3575710585927718E9;-5.140553001259566E8;-4.540149380296656E7
1.3591754402550294E9;-5.1210484068023396E8;-4.47004879080694E7
1.3620414545567257E9;-5.0776381156840014E8;-4.5356983188199155E7
1.3618506568923745E9;-5.0282304434233767E8;-4.601690565919477E7
1.3619145684572072E9;-5.0056149195993465E8;-4.5319219824158385E7
1.3648093576201224E9;-4.97641378349576E8;-4.524220612873305E7
1.3661390825807173E9;-4.9229069087416667E8;-4.626161957069313E7
1.3653368997909791E9;-4.888175687302634E8;-4.609901564400514E7
1.3670678192854772E9;-4.8679976687296355E8;-4.54371905231745E7
1.3697632547148101E9;-4.822678264743969E8;-4.6167083114013635E7
1.3693647053012135E9;-4.774312799332796E8;-4.674456628859727E7
1.369528571905665E9;-4.752406089771204E8;-4.601238395487493E7
1.372423125120781E9;-4.721339728373748E8;-4.602374100050496E7
1.3734845341947312E9;-4.66740320870618E8;-4.703085830757449E7
