4.454666006357017E9;-3.957166387490279E8;-9.451319536475176E7
4.454843614774434E9;-3.935380546271298E8;-9.45622169242774E7
4.4550201642959E9;-3.9135937691356856E8;-9.461121600887166E7
4.455195654870765E9;-3.8918060612374717E8;-9.466019260672441E7
4.455370086448711E9;-3.8700174277311623E8;-9.470914670603152E7
4.455543458979666E9;-3.848227873771783E8;-9.475807829499352E7
4.455715772413879E9;-3.826437404514592E8;-9.48069873618173E7
4.455887026701796E9;-3.8046460251154846E8;-9.485587389471515E7
4.45605722179421E9;-3.78285374073076E8;-9.490473788190448E7
4.456226357642079E9;-3.761060556517148E8;-9.495357931160876E7
4.456394434196758E9;-3.739266477631786E8;-9.50023981720571E7
4.456561451409745E9;-3.7174715092323005E8;-9.505119445148338E7
4.456727409232947E9;-3.6956756564767146E8;-9.509996813812801E7
4.456892307618325E9;-3.673878924523483E8;-9.514871922023624E7
4.457056146518476E9;-3.652081318531475E8;-9.519744768605927E7
4.457218925885789E9;-3.6302828436600095E8;-9.524615352385314E7
4.457380645673545E9;-3.608483505068826E8;-9.529483672188096E7
4.457541305835862E9;-3.5866833079181075E8;-9.53434972684099E7
4.457700906323442E9;-3.56488225736837E8;-9.539213515171328E7
4.457859447091794E9;-3.5430803585807407E8;-9.544075036006932E7
4.458016928094621E9;-3.5212776167165935E8;-9.548934288176379E7
4.458173349286299E9;-3.4994740369377846E8;-9.55379127050859E7
4.458328710621191E9;-3.477669624406572E8;-9.558645981833142E7
4.458483012054226E9;-3.455864384285653E8;-9.563498420980075E7
4.458636253540446E9;-3.4340583217380685E8;-9.56834858678018E7
4.458788435035102E9;-3.4122514419273716E8;-9.573196478064641E7
4.458939556493907E9;-3.390443750017417E8;-9.578042093665259E7
4.459089617872629E9;-3.3686352511725175E8;-9.582885432414329E7
4.459238619127462E9;-3.346825950557398E8;-9.587726493144783E7
4.459386560214808E9;-3.325015853337143E8;-9.592565274690042E7
4.459533441091349E9;-3.303204964677303E8;-9.597401775884117E7
4.459679261714026E9;-3.281393289743794E8;-9.602235995561609E7
4.459824022040048E9;-3.259580833702935E8;-9.607067932557584E7
4.459967722026905E9;-3.237767601721475E8;-9.611897585707751E7
4.460110361632368E9;-3.2159535989665675E8;-9.616724953848326E7
4.4602519408144655E9;-3.194138830605721E8;-9.621550035816114E7
4.460392459531487E9;-3.172323301806904E8;-9.62637283044843E7
4.460531917742009E9;-3.1505070177385074E8;-9.631193336583182E7
4.460670315404869E9;-3.128689983569357E8;-9.63601155305884E7
4.460807652479155E9;-3.1068722044685364E8;-9.640827478714427E7
4.460943928924259E9;-3.0850536856057376E8;-9.645641112389144E7
4.4610791446998005E9;-3.063234432150963E8;-9.650452452923891E7
4.461213299765707E9;-3.041414449274629E8;-9.655261499158984E7
4.461346394082136E9;-3.019593742147591E8;-9.660068249935688E7
4.461478427609507E9;-2.997772315941085E8;-9.664872704095808E7
4.461609400308554E9;-2.975950175826742E8;-9.669674860481702E7
4.461739312140217E9;-2.9541273269765955E8;-9.674474717936313E7
4.46186816306573E9;-2.932303774563101E8;-9.679272275303057E7
4.461995953046577E9;-2.9104795237591195E8;-9.684067531426047E7
4.462122682044534E9;-2.88865457973787E8;-9.688860485149828E7
4.4622483500215845E9;-2.866828947672976E8;-9.693651135319516E7
4.462372956940034E9;-2.845002632738465E8;-9.69843948078076E7
4.462496502762401E9;-2.8231756401087636E8;-9.703225520379844E7
4.462618987451501E9;-2.8013479749586314E8;-9.708009252963504E7
4.462740410970383E9;-2.7795196424631757E8;-9.712790677379093E7
4.462860773282384E9;-2.757690647798101E8;-9.717569792474453E7
4.462980074351076E9;-2.7358609961392623E8;-9.722346597098026E7
4.463098314140295E9;-2.714030692662966E8;-9.727121090098791E7
4.46321549261414E9;-2.6921997425459325E8;-9.731893270326258E7
4.4633316097369585E9;-2.6703681509651768E8;-9.73666313663053E7
4.463446665473383E9;-2.6485359230981055E8;-9.741430687862219E7
4.463560659788265E9;-2.6267030641224852E8;-9.746195922872473E7
4.463673592646733E9;-2.6048695792164573E8;-9.75095884051304E7
4.4637854640141735E9;-2.583035473558483E8;-9.7557194396361E7
4.463896273856233E9;-2.5612007523273736E8;-9.760477719094484E7
4.464006022138807E9;-2.5393654207023093E8;-9.765233677741508E7
4.464114708828037E9;-2.5175294838627845E8;-9.769987314431082E7
4.464222333890352E9;-2.4956929469885966E8;-9.774738628017588E7
4.464328897292403E9;-2.4738558152600023E8;-9.779487617356013E7
4.464434399001114E9;-2.4520180938574538E8;-9.784234281301846E7
4.464538838983681E9;-2.4301797879617816E8;-9.788978618711121E7
4.464642217207536E9;-2.4083409027541554E8;-9.793720628440472E7
4.464744533640369E9;-2.3865014434160453E8;-9.798460309346895E7
4.464845788250148E9;-2.3646614151292384E8;-9.803197660288109E7
4.464945981005057E9;-2.342820823075856E8;-9.807932680122305E7
4.465045111873582E9;-2.3209796724383456E8;-9.812665367708239E7
4.465143180824446E9;-2.2991379683994475E8;-9.8173957219052E7
4.46524018782663E9;-2.277295716142225E8;-9.822123741572985E7
4.465336132849366E9;-2.2554529208500314E8;-9.826849425572006E7
4.465431015862136E9;-2.233609587706575E8;-9.831572772763175E7
4.465524836834704E9;-2.2117657218958217E8;-9.836293782007931E7
4.46561759573708E9;-2.189921328602083E8;-9.84101245216825E7
4.46570929253953E9;-2.1680764130098918E8;-9.84572878210669E7
4.465799927212557E9;-2.146230980304174E8;-9.850442770686299E7
