-4.1549317766177915E7;9.953882396930733E7;3721030.8971691355
-5.418114902821154E7;9.340465081143479E7;4366978.344898897
-6.590282459477274E7;8.57011669534128E7;4939565.013842581
-7.652209958109461E7;7.656386665745206E7;5429521.97367119
-8.586699066690075E7;6.615127159183822E7;5829054.650958902
-9.378836903200139E7;5.4641814154529855E7;6131950.662315719
-1.0016205991906358E8;4.223047673215048E7;6333655.960769228
-1.0489044112287019E8;2.912526764829591E7;6431319.936005985
-1.0790354586643724E8;1.5543609078761928E7;6423810.788265585
-1.0915968620679532E8;1708704.7977969227;6311703.010689437
-1.0864562119351578E8;-1.2154052957985539E7;6097239.166013998
-1.0637629952943787E8;-2.582058724636695E7;5784268.341651058
-1.0239420965962407E8;-3.907150939317226E7;5378163.732149892
-9.676837135824737E7;-5.169532797553379E7;4885721.754684231
-8.959300238445474E7;-6.3491467775850445E7;4315044.978941486
-8.098589206194173E7;-7.42730785662865E7;3675410.9753020452
-7.108651113316308E7;-8.386961808686146E7;2977128.9809753746
-6.0053884361314505E7;-9.212919666304527E7;2231386.076931225
-4.806424948191767E7;-9.892067263277116E7;1450084.3801417144
-3.5308523579956055E7;-1.0413548824960887E8;645670.6035790847
-2.198959607890775E7;-1.0768923518885306E8;-169040.76521510538
-8319466.515300517;-1.0952293744385545E8;-981049.4567815886
5483754.677568988;-1.0960403753961447E8;-1777355.3462576168
1.919896291270106E7;-1.0792706992040686E8;-2545146.978801374
3.26052717614587E7;-1.045140034242464E8;-3271991.192546119
4.548529514025996E7;-9.941423329523905E7;-3946022.108218402
5.762846879350307E7;-9.270420257500894E7;-4556127.471086511
6.883437465451299E7;-8.448663333406764E7;-5092130.003589224
7.891602515522225E7;-7.488935043402955E7;-5544961.0661522
8.770305771944164E7;-6.406368469155665E7;-5906823.550269623
9.504478292291756E7;-5.218244864211891E7;-6171340.591866926
1.008130236919038E8;-3.943748656217248E7;-6333686.465487273
1.0490467819501263E8;-2.6036810861470126E7;-6390695.944112322
1.0724393652806422E8;-1.2201349276025293E7;-6340948.4788051825
1.0778408135837074E8;1838658.8192780952;-6184823.76089358
1.065088058841329E8;1.5847563992189711E7;-5924525.571233669
1.0343298955430894E8;2.9588438411372583E7;-5564071.350661817
9.86028826149184E7;4.282735548067887E7;-5109245.741839053
9.209566444802208E7;5.533772321944751E7;-4567517.348916721
8.401835803500521E7;6.690456810113822E7;-3947919.072884532
7.450610286308756E7;7.73286607756618E7;-3260893.597806816
6.3719810054070435E7;8.64303743861129E7;-2518106.8521083235
5.184324521692327E7;9.405317049748783E7;-1732233.4654475388
3.907960518188736E7;1.0006661702200827E8;-916719.3077677845
2.5647673032388125E7;1.0436885658995496E8;-85527.06178836287
1.1777650523558289E7;1.0688846182903315E8;747128.6146923049
-2293222.8641449446;1.0758563490756066E8;1567049.4736812133
-1.632514991225992E7;1.0645273117230874E8;2360318.7534882845
-3.0080240544025175E7;1.0351410937935366E8;3113556.4037797567
